20150416 A808998161 000501 指定交易登记指定 0.00 1.000 0.00 0.00 0.00 49800.00
20150416 A808998161 000501 证券买入工商银行 200.00 5.440 5.00 0.12 -1093.12 48706.88
20150416 A808998161 000501 证券买入南京医药 800.00 12.870 25.74 0.48 -10322.22 38384.66
20150417 A808998161 000501 证券卖出工商银行 200.00 5.720 5.00 1.26 1137.74 39522.40
20150417 A808998161 000501 证券买入中国重工 1000.00 13.040 32.60 0.60 -13073.20 26449.20
20150417 A808998161 000501 证券买入南京医药 1200.00 14.020 42.06 0.72 -16866.78 9582.42
20150417 A808998161 000501 证券买入重庆水务 800.00 11.690 23.38 0.48 -9375.86 206.56
20150422 A808998161 000501 证券卖出中国重工 1000.00 14.080 35.20 14.68 14030.12 14236.68
20150422 A808998161 000501 证券卖出南京医药 2000.00 13.550 67.75 28.30 27003.95 41240.63
20150422 0166956170 000501 证券买入京东方Ａ 2000.00 4.900 24.50 0.00 -9824.50 31416.13
20150422 0166956170 000501 证券买入浙富控股 1000.00 16.250 40.63 0.00 -16290.63 15125.50
20150422 0166956170 000501 证券买入京东方Ａ 2000.00 4.850 24.25 0.00 -9724.25 5401.25
20150424 A808998161 000501 证券买入重庆水务 400.00 10.900 10.90 0.24 -4371.14 21030.11
20150424 0166956170 000501 证券买入浙富控股 1000.00 15.050 37.63 0.00 -15087.63 5942.48
20150428 A808998161 000501 证券卖出重庆水务 1200.00 11.550 34.65 14.58 13810.77 19753.25
20150428 0166956170 000501 证券买入京东方Ａ 4000.00 4.520 45.20 0.00 -18125.20 1628.05
20150504 A808998161 000501 证券买入工商银行 2000.00 5.380 5.38 1.20 -10766.58 20861.47
20150504 0166956170 000501 证券卖出京东方Ａ 8000.00 4.730 18.92 37.84 37783.24 58644.71
20150505 A808998161 000501 证券买入国电电力 3000.00 7.360 11.04 1.80 -22092.84 -22091.84
20150505 A808998161 000501 证券买入国电电力 2000.00 7.020 7.02 1.20 -14048.22 -36140.06
20150505 0166956170 000501 新股申购永兴特钢 1000.00 21.740 0.00 0.00 -21740.00 -57880.06
20150506 A808998161 000501 证券卖出国电电力 5000.00 6.680 16.70 36.40 33346.90 33347.90
20150506 A808998161 000501 证券买入哈药股份 2000.00 10.530 10.53 1.20 -21071.73 12276.17
20150506 A808998161 000501 证券买入工商银行 2000.00 5.110 5.11 1.20 -10226.31 2049.86
20150507 0166956170 000501 申购返款永兴特钢 1000.00 21.740 0.00 0.00 21740.00 21743.25
20150511 A808998161 000501 证券买入工商银行 1000.00 5.080 5.00 0.60 -5085.60 -5084.60
20150511 A808998161 000501 证券买入工商银行 1000.00 5.070 5.00 0.60 -5075.60 -10160.20
20150511 A808998161 000501 证券买入锦江投资 500.00 21.400 5.35 0.30 -10705.65 -20865.85
20150511 A808998161 000501 证券卖出哈药股份 2000.00 10.550 10.55 22.30 21067.15 201.30
20150512 A808998161 000501 证券卖出锦江投资 500.00 23.820 5.96 12.21 11891.83 11892.83
20150512 0166956170 000501 证券买入盐田港 1000.00 11.150 5.58 0.00 -11155.58 737.25
20150512 0166956170 000501 证券买入二六三 500.00 18.800 5.00 0.00 -9405.00 -8667.75
20150513 A808998161 000501 证券买入中国中铁 700.00 20.650 7.23 0.42 -14462.65 -14461.65
20150513 A808998161 000501 证券买入中国中铁 300.00 20.200 5.00 0.18 -6065.18 -20526.83
20150513 A808998161 000501 证券卖出工商银行 1000.00 5.150 5.00 5.75 5139.25 -15387.58
20150513 0166956170 000501 证券卖出二六三 500.00 20.500 5.13 10.25 10234.62 -5152.96
20150514 A808998161 000501 证券买入中国中铁 1000.00 19.500 9.75 0.60 -19510.35 -19509.35
20150514 A808998161 000501 证券买入大唐发电 1000.00 7.800 5.00 0.60 -7805.60 -27314.95
20150514 0166956170 000501 证券卖出浙富控股 2000.00 16.000 16.00 32.00 31952.00 4637.05
20150514 0166956170 000501 证券买入盐田港 1000.00 11.050 5.53 0.00 -11055.53 -6418.48
20150515 A808998161 000501 证券卖出中国中铁 2000.00 20.450 20.45 42.10 40837.45 40838.45
20150515 A808998161 000501 证券买入工商银行 5000.00 5.050 12.63 3.00 -25265.63 15572.82
20150522 A808998161 000501 证券买入武钢股份 1000.00 6.140 5.00 0.60 -6145.60 12235.40
20150522 A808998161 000501 证券买入上海医药 200.00 29.400 5.00 0.12 -5885.12 6350.28
20150522 A808998161 000501 证券卖出大唐发电 1000.00 7.920 5.00 8.52 7906.48 14256.76
20150522 A808998161 000501 证券卖出工商银行 10000.00 5.330 26.65 59.30 53214.05 67470.81
20150522 0166956170 000501 证券卖出盐田港 2000.00 11.680 11.68 23.36 23324.96 90795.77
20150525 A808998161 000501 证券买入上海医药 300.00 30.990 5.00 0.18 -9302.18 -9301.18
20150525 0166956170 000501 证券买入洽洽食品 500.00 32.100 8.03 0.00 -16058.03 -25359.21
20150526 A808998161 000501 证券卖出上海医药 500.00 31.050 7.76 15.82 15501.42 15502.42
20150526 A808998161 000501 证券卖出武钢股份 1000.00 6.450 5.00 7.05 6437.95 21940.37
20150526 0166956170 000501 证券卖出洽洽食品 500.00 33.500 8.38 16.75 16724.87 38665.24
20150527 A808998161 000501 证券买入大秦铁路 1000.00 13.650 6.83 0.60 -13657.43 -13656.43
20150528 A808998161 000501 证券买入上海医药 500.00 29.520 7.38 0.30 -14767.68 41683.32
20150528 A808998161 000501 证券买入上海医药 500.00 29.150 7.29 0.30 -14582.59 27100.73
20150528 A808998161 000501 证券买入上海医药 1000.00 28.400 14.20 0.60 -28414.80 -1314.07
20150528 A808998161 000501 证券买入大秦铁路 1000.00 12.850 6.43 0.60 -12857.03 -14171.10
20150604 A808998161 000501 证券卖出大秦铁路 2000.00 12.950 12.95 27.10 25859.95 25860.95
20150604 A808998161 000501 证券买入中核申购 1000.00 3.390 0.00 0.00 -3390.00 36030.95
20150608 A808998161 000501 证券买入康美药业 100.00 43.850 5.00 0.06 -4390.06 -4389.06
20150609 A808998161 000501 证券买入伊利股份 200.00 21.380 5.00 0.12 -4281.12 -4280.12
20150609 A808998161 000501 新股入帐601985 1000.00 0.000 0.00 0.00 0.00 -4262.00
20150610 A808998161 000501 证券卖出康美药业 100.00 49.360 5.00 5.00 4926.00 4945.12
20150610 A808998161 000501 证券买入中信证券 100.00 32.690 5.00 0.06 -3274.06 1671.06
20150611 A808998161 000501 证券卖出中信证券 100.00 32.040 5.00 3.26 3195.74 3196.74
20150612 A808998161 000501 证券卖出上海医药 500.00 29.550 7.39 15.08 14752.53 14753.53
20150612 A808998161 000501 证券买入伊利股份 300.00 21.200 5.00 0.18 -6365.18 8388.35
20150615 A808998161 000501 证券买入伊利股份 500.00 20.800 5.20 0.30 -10405.50 19595.50
20150615 A808998161 000501 证券买入伊利股份 1000.00 20.300 10.15 0.60 -20310.75 -715.25
20150616 A808998161 000501 证券买入中信证券 400.00 31.200 6.24 0.24 -12486.48 -12485.48
20150618 A808998161 000501 股息入帐上海医药 0.00 0.000 0.00 0.00 413.25 414.25
20150626 A808998161 000501 证券卖出中国核电 1000.00 13.820 6.91 14.42 13798.67 13799.67
20150629 A808998161 000501 证券买入上海医药 600.00 23.000 6.90 0.36 -13807.26 -13806.26
20150701 A808998161 000501 证券买入伊利股份 500.00 18.700 5.00 0.30 -9355.30 -9354.30
20150701 A808998161 000501 证券卖出伊利股份 500.00 19.050 5.00 9.83 9510.17 155.87
20150701 A808998161 000501 证券买入中信证券 400.00 26.860 5.37 0.24 -10749.61 -10593.74
20150701 A808998161 000501 证券买入中信证券 200.00 26.600 5.00 0.12 -5325.12 -15918.86
20150701 A808998161 000501 证券买入上海医药 200.00 21.500 5.00 0.12 -4305.12 -20223.98
20150702 A808998161 000501 证券买入上海医药 200.00 18.950 5.00 0.12 -3795.12 1205.88
20150706 A808998161 000501 证券卖出中信证券 500.00 26.833 6.71 13.71 13396.20 13397.20
20150707 A808998161 000501 证券买入上海医药 500.00 16.950 5.00 0.30 -8480.30 -8479.30
20150707 A808998161 000501 证券卖出上海医药 500.00 17.360 5.00 8.98 8666.02 186.72
20150708 A808998161 000501 证券买入上海医药 500.00 16.380 5.00 0.30 -8195.30 -8194.30
20150709 A808998161 000501 证券卖出上海医药 500.00 16.500 5.00 8.55 8236.45 8241.23
20150709 A808998161 000501 证券卖出上海医药 500.00 17.950 5.00 9.28 8960.72 17201.95
20150709 A808998161 000501 证券卖出上海医药 1000.00 17.990 9.00 18.59 17962.41 35164.36
20150710 A808998161 000501 证券买入中信证券 500.00 26.480 6.62 0.30 -13246.92 -13245.92
20150710 A808998161 000501 证券卖出中信证券 500.00 27.020 6.76 13.81 13489.43 243.51
20150710 0166956170 000501 证券买入格力电器 500.00 23.760 5.94 0.00 -11885.94 -11642.43
20150713 A808998161 000501 证券买入上海医药 500.00 20.940 5.24 0.30 -10475.54 -10452.79
20150713 A808998161 000501 证券买入中信证券 500.00 27.500 6.88 0.30 -13757.18 -24209.97
20150713 A808998161 000501 证券卖出上海医药 500.00 20.800 5.20 10.70 10384.10 -13825.87
20150713 A808998161 000501 证券买入伊利股份 500.00 19.410 5.00 0.30 -9710.30 -23536.17
20150713 A808998161 000501 证券买入上海医药 300.00 21.760 5.00 0.18 -6533.18 -30069.35
20150713 A808998161 000501 红利差异税补扣上海医药 0.00 0.000 0.00 0.00 -21.75 -30091.10
20150714 A808998161 000501 证券卖出上海医药 300.00 22.000 5.00 6.78 6588.22 6589.22
20150714 A808998161 000501 证券买入上海医药 300.00 21.550 5.00 0.18 -6470.18 119.04
20150714 A808998161 000501 证券卖出上海医药 300.00 21.800 5.00 6.72 6528.28 6647.32
20150714 A808998161 000501 证券买入伊利股份 300.00 18.540 5.00 0.18 -5567.18 1080.14
20150716 A808998161 000501 证券买入三一重工 200.00 7.190 5.00 0.12 -1443.12 -1442.12
20150717 A808998161 000501 证券卖出三一重工 200.00 7.750 5.00 1.67 1543.33 1544.33
20150722 A808998161 000501 证券卖出伊利股份 800.00 18.700 7.48 15.44 14937.08 14938.08
20150722 A808998161 000501 证券买入上海医药 500.00 21.930 5.48 0.30 -10970.78 3967.30
20150723 A808998161 000501 证券买入伊利股份 300.00 18.420 5.00 0.18 -5531.18 -5530.18
20150723 A808998161 000501 证券卖出伊利股份 300.00 18.750 5.00 5.81 5614.19 84.01
20150723 A808998161 000501 证券卖出上海医药 500.00 22.550 5.64 11.58 11257.78 11341.79
20150724 A808998161 000501 证券买入中信证券 200.00 24.350 5.00 0.12 -4875.12 -4874.12
20150724 A808998161 000501 证券卖出中信证券 200.00 23.900 5.00 4.90 4770.10 -104.02
20150724 0166956170 000501 证券买入格力电器 500.00 23.900 5.98 0.00 -11955.98 -12060.00
20150724 0166956170 000501 证券卖出格力电器 500.00 23.300 5.83 11.65 11632.52 -427.48
20150727 A808998161 000501 证券买入上海医药 500.00 21.300 5.33 0.30 -10655.63 -10654.63
20150727 A808998161 000501 证券买入中信证券 200.00 23.090 5.00 0.12 -4623.12 -15277.75
20150728 A808998161 000501 证券买入中信证券 300.00 21.900 5.00 0.18 -6575.18 8425.82
20150728 A808998161 000501 证券卖出中信证券 500.00 22.500 5.63 11.55 11232.82 19658.64
20150729 A808998161 000501 证券买入伊利股份 500.00 16.900 5.00 0.30 -8455.30 -8454.30
20150729 A808998161 000501 证券买入中信证券 500.00 21.450 5.36 0.30 -10730.66 -19184.96
20150729 A808998161 000501 证券卖出中信证券 500.00 21.650 5.41 11.13 10808.46 -8376.50
20150729 A808998161 000501 证券卖出伊利股份 500.00 17.150 5.00 8.88 8561.12 184.62
20150730 A808998161 000501 证券买入中信证券 300.00 21.390 5.00 0.18 -6422.18 -6421.18
20150730 A808998161 000501 证券卖出中信证券 300.00 20.880 5.00 6.44 6252.56 -168.62
20150731 A808998161 000501 证券买入伊利股份 500.00 16.850 5.00 0.30 -8430.30 -8429.30
20150731 A808998161 000501 证券买入中信证券 500.00 20.750 5.19 0.30 -10380.49 -18809.79
20150731 A808998161 000501 证券卖出伊利股份 500.00 16.980 5.00 8.79 8476.21 -10333.58
20150731 A808998161 000501 证券买入中信证券 500.00 20.750 5.19 0.30 -10380.49 -20714.07
20150804 A808998161 000501 证券卖出上海医药 500.00 21.600 5.40 11.02 10783.58 10784.58
20150804 A808998161 000501 证券卖出中信证券 1000.00 21.000 10.50 21.42 20968.08 31752.66
20150804 0166956170 000501 证券买入歌尔声学 100.00 31.100 5.00 0.00 -3115.00 28637.66
20150805 A808998161 000501 证券买入伊利股份 500.00 17.600 5.00 0.18 -8805.18 -8804.18
20150805 0166956170 000501 证券买入歌尔声学 100.00 30.000 5.00 0.00 -3005.00 -11809.18
20150806 A808998161 000501 证券买入中信证券 500.00 19.890 5.00 0.20 -9950.20 -9949.20
20150806 0166956170 000501 证券买入歌尔声学 100.00 29.300 5.00 0.00 -2935.00 -12884.20
20150807 A808998161 000501 证券卖出中信证券 500.00 20.500 5.13 10.46 10234.41 10235.41
20150810 A808998161 000501 证券卖出伊利股份 500.00 17.940 5.00 9.15 8955.85 8971.26
20150810 A808998161 000501 证券卖出中信证券 500.00 22.310 5.58 11.38 11138.04 20109.30
20150810 0166956170 000501 证券卖出歌尔声学 200.00 31.600 5.00 6.32 6308.68 26417.98
20150811 A808998161 000501 证券买入中信证券 500.00 22.200 5.55 0.22 -11105.77 -11104.77
20150811 A808998161 000501 证券买入伊利股份 500.00 18.050 5.00 0.18 -9030.18 -20134.95
20150811 A808998161 000501 证券买入上海医药 200.00 22.050 5.00 0.09 -4415.09 -24550.04
20150811 0166956170 000501 证券买入歌尔声学 100.00 31.360 5.00 0.00 -3141.00 -27691.04
20150811 0166956170 000501 证券买入格力电器 500.00 23.550 5.89 0.00 -11780.89 -39471.93
20150812 A808998161 000501 证券卖出中信证券 500.00 22.400 5.60 11.42 11182.98 11183.98
20150812 0166956170 000501 证券买入格力电器 500.00 23.030 5.76 0.00 -11520.76 -336.78
20150813 A808998161 000501 证券卖出上海医药 200.00 22.150 5.00 4.52 4420.48 4421.48
20150813 A808998161 000501 证券买入伊利股份 300.00 17.470 5.00 0.10 -5246.10 -824.62
20150813 A808998161 000501 证券卖出伊利股份 800.00 17.660 7.06 14.41 14106.53 13281.91
20150813 0166956170 000501 证券卖出格力电器 500.00 22.930 5.73 11.47 11447.80 24729.71
20150813 0166956170 000501 证券卖出歌尔声学 100.00 32.150 5.00 3.22 3206.78 27936.49
20150813 A808998161 000501 股息入帐中信证券 0.00 0.000 0.00 0.00 133.88 28070.37
20150814 A808998161 000501 证券买入XD中信证 500.00 21.830 5.46 0.22 -10920.68 -10785.80
20150814 A808998161 000501 证券卖出XD中信证 500.00 22.420 5.61 11.43 11192.96 407.16
20150814 0166956170 000501 证券买入格力电器 500.00 22.600 5.65 0.00 -11305.65 -10898.49
20150814 0166956170 000501 证券买入奥拓电子 100.00 11.940 5.00 0.00 -1199.00 -12097.49
20150814 0166956170 000501 证券买入歌尔声学 100.00 32.230 5.00 0.00 -3228.00 -15325.49
20150817 0166956170 000501 证券卖出歌尔声学 100.00 32.430 5.00 3.24 3234.76 3235.76
20150818 A808998161 000501 证券买入伊利股份 300.00 17.020 5.00 0.10 -5111.10 6010.46
20150818 0166956170 000501 证券买入歌尔声学 100.00 31.850 5.00 0.00 -3190.00 2820.46
20150818 0166956170 000501 证券买入歌尔声学 100.00 31.720 5.00 0.00 -3177.00 -356.54
20150818 0166956170 000501 证券买入奥拓电子 100.00 11.920 5.00 0.00 -1197.00 -1553.54
20150818 0166956170 000501 证券买入歌尔声学 100.00 29.330 5.00 0.00 -2938.00 -4491.54
20150818 0166956170 000501 证券买入奥拓电子 100.00 11.910 5.00 0.00 -1196.00 -5687.54
20150825 A808998161 000501 证券买入伊利股份 200.00 13.330 5.00 0.05 -2671.05 7329.95
20150825 A808998161 000501 证券买入中信证券 500.00 14.740 5.00 0.15 -7375.15 -45.20
20150825 0166956170 000501 证券卖出格力电器 500.00 17.500 5.00 8.75 8736.25 8691.05
20150825 0166956170 000501 证券买入格力电器 500.00 17.250 5.00 0.00 -8630.00 61.05
20150825 0166956170 000501 证券卖出格力电器 1000.00 17.600 8.80 17.60 17573.60 17634.65
20150825 0166956170 000501 证券买入格力电器 500.00 16.810 5.00 0.00 -8410.00 9224.65
20150826 A808998161 000501 证券卖出中信证券 500.00 15.100 5.00 7.70 7537.30 7538.30
20150826 A808998161 000501 证券卖出伊利股份 500.00 14.410 5.00 7.35 7192.65 14730.95
20150826 A808998161 000501 证券卖出上海医药 500.00 17.200 5.00 8.77 8586.23 23317.18
20150826 A808998161 000501 证券卖出伊利股份 1000.00 14.520 7.26 14.81 14497.93 37815.11
20150826 A808998161 000501 证券卖出伊利股份 500.00 14.520 5.00 7.41 7247.59 45062.70
20150826 A808998161 000501 证券买入中信证券 500.00 14.410 5.00 0.14 -7210.14 37852.56
20150826 A808998161 000501 证券买入上海医药 500.00 16.740 5.00 0.17 -8375.17 29477.39
20150826 0166956170 000501 证券卖出格力电器 500.00 18.180 5.00 9.09 9075.91 38553.30
20150826 0166956170 000501 证券卖出格力电器 400.00 18.670 5.00 7.46 7455.54 46008.84
20150826 0166956170 000501 证券买入歌尔声学 100.00 21.620 5.00 0.00 -2167.00 43841.84
20150826 0166956170 000501 证券买入奥拓电子 200.00 8.300 5.00 0.00 -1665.00 42176.84
20150826 0166956170 000501 证券买入格力电器 500.00 18.450 5.00 0.00 -9230.00 32946.84
20150827 A808998161 000501 证券卖出上海医药 500.00 17.050 5.00 8.70 8511.30 8512.30
20150827 A808998161 000501 证券卖出伊利股份 400.00 15.080 5.00 6.15 6020.85 14533.15
20150827 A808998161 000501 证券卖出中信证券 500.00 14.980 5.00 7.64 7477.36 22010.51
20150827 A808998161 000501 证券卖出中信证券 400.00 15.330 5.00 6.25 6120.75 28131.26
20150827 A808998161 000501 证券卖出上海医药 400.00 17.690 5.00 7.22 7063.78 35195.04
20150827 0166956170 000501 证券卖出格力电器 100.00 18.570 5.00 1.86 1850.14 37045.18
20150827 0166956170 000501 证券卖出格力电器 400.00 18.890 5.00 7.56 7543.44 44588.62
20150827 0166956170 000501 证券卖出奥拓电子 400.00 8.300 5.00 3.32 3311.68 47900.30
20150828 A808998161 000501 证券买入上海医药 500.00 18.788 5.00 0.19 -9399.19 -9398.19
20150828 A808998161 000501 证券买入伊利股份 500.00 15.980 5.00 0.16 -7995.16 -17393.35
20150828 0166956170 000501 证券买入奥拓电子 500.00 8.890 5.00 0.00 -4450.00 -21843.35
20150828 0166956170 000501 证券买入歌尔声学 100.00 22.640 5.00 0.00 -2269.00 -24112.35
20150828 0166956170 000501 证券买入格力电器 500.00 19.660 5.00 0.00 -9835.00 -33947.35
20150831 A808998161 000501 证券买入中信证券 500.00 15.160 5.00 0.15 -7585.15 -7563.01
20150831 A808998161 000501 证券买入中信证券 400.00 14.830 5.00 0.12 -5937.12 -13500.13
20150831 A808998161 000501 证券买入伊利股份 400.00 15.350 5.00 0.12 -6145.12 -19645.25
20150831 A808998161 000501 证券买入上海医药 400.00 18.120 5.00 0.14 -7253.14 -26898.39
20150831 A808998161 000501 证券买入中信证券 100.00 14.600 5.00 0.03 -1465.03 -28363.42
20150831 0166956170 000501 证券买入格力电器 500.00 18.090 5.00 0.00 -9050.00 -37413.42
20150831 0166956170 000501 证券买入奥拓电子 500.00 8.570 5.00 0.00 -4290.00 -41703.42
20150831 A808998161 000501 红利差异税补扣中信证券 0.00 0.000 0.00 0.00 -21.14 -41724.56
20150901 A808998161 000501 证券卖出中信证券 500.00 15.240 5.00 7.77 7607.23 7608.23
20150901 A808998161 000501 证券卖出伊利股份 400.00 16.190 5.00 6.61 6464.39 14072.62
20150901 A808998161 000501 证券卖出上海医药 400.00 18.660 5.00 7.61 7451.39 21524.01
20150901 0166956170 000501 证券买入奥拓电子 400.00 7.740 5.00 0.00 -3101.00 18423.01
20150901 0166956170 000501 证券卖出格力电器 500.00 18.120 5.00 9.06 9045.94 27468.95
20150901 0166956170 000501 证券卖出歌尔声学 500.00 23.650 5.91 11.83 11807.26 39276.21
20150902 A808998161 000501 证券卖出上海医药 500.00 19.060 5.00 9.72 9515.28 9516.28
20150902 A808998161 000501 证券卖出伊利股份 500.00 15.970 5.00 8.15 7971.85 17488.13
20150907 A808998161 000501 证券买入伊利股份 500.00 15.080 5.00 0.15 -7545.15 -7544.15
20150907 A808998161 000501 证券买入国电南自 500.00 7.298 5.00 0.07 -3654.07 -11198.22
20150907 A808998161 000501 证券买入上海医药 500.00 18.320 5.00 0.18 -9165.18 -20363.40
20150907 0166956170 000501 证券买入格力电器 500.00 17.380 5.00 0.00 -8695.00 -29058.40
20150908 A808998161 000501 证券卖出国电南自 500.00 7.450 5.00 3.80 3716.20 3717.20
20150908 A808998161 000501 证券卖出上海医药 500.00 18.750 5.00 9.57 9360.43 13077.63
20150908 A808998161 000501 证券卖出伊利股份 500.00 15.300 5.00 7.80 7637.20 20714.83
20150908 A808998161 000501 证券卖出中信证券 500.00 14.940 5.00 7.62 7457.38 28172.21
20150908 0166956170 000501 证券卖出奥拓电子 500.00 7.850 5.00 3.93 3916.07 32088.28
20150908 0166956170 000501 证券卖出格力电器 500.00 17.470 5.00 8.73 8721.27 40809.55
20150909 A808998161 000501 证券买入太极集团 500.00 17.350 5.00 0.17 -8680.17 -8679.17
20150909 0166956170 000501 证券买入益盛药业 500.00 15.750 5.00 0.00 -7880.00 -16559.17
20150909 0166956170 000501 证券买入奥拓电子 1000.00 8.450 5.00 0.00 -8455.00 -25014.17
20150910 A808998161 000501 证券买入国电南自 500.00 8.000 5.00 0.08 -4005.08 -3976.92
20150910 A808998161 000501 证券买入伊利股份 500.00 15.800 5.00 0.16 -7905.16 -11882.08
20150910 A808998161 000501 证券买入上海能源 500.00 9.800 5.00 0.10 -4905.10 -16787.18
20150910 0166956170 000501 证券买入英威腾 500.00 9.100 5.00 0.00 -4555.00 -21342.18
20150910 0166956170 000501 证券买入歌尔声学 500.00 25.350 6.34 0.00 -12681.34 -34023.52
20150910 0166956170 000501 证券买入歌尔声学 500.00 24.900 6.23 0.00 -12456.23 -46479.75
20150911 A808998161 000501 证券买入岳阳林纸 100.00 7.880 5.00 0.02 -793.02 -792.02
20150916 A808998161 000501 证券卖出伊利股份 500.00 16.250 5.00 8.29 8111.71 8112.71
20150917 0166956170 000501 证券买入歌尔声学 400.00 21.730 5.00 0.00 -8697.00 -8696.00
20150917 0166956170 000501 证券卖出歌尔声学 400.00 22.940 5.00 9.18 9161.82 465.82
20150918 0166956170 000501 证券买入格力电器 500.00 16.450 5.00 0.00 -8230.00 -8228.88
20150918 0166956170 000501 证券卖出格力电器 500.00 16.510 5.00 8.26 8241.74 12.86
20150921 A808998161 000501 证券卖出上海能源 500.00 10.200 5.00 5.20 5089.80 5102.66
20150921 0166956170 000501 证券买入格力电器 500.00 16.440 5.00 0.00 -8225.00 -3122.34
20150921 0166956170 000501 证券卖出格力电器 500.00 16.640 5.00 8.32 8306.68 5184.34
20150922 0166956170 000501 证券买入格力电器 500.00 16.900 5.00 0.00 -8455.00 -8454.00
20150922 0166956170 000501 证券买入歌尔声学 200.00 23.740 5.00 0.00 -4753.00 -13207.00
20150923 A808998161 000501 证券买入武钢股份 300.00 4.050 5.00 0.02 -1220.02 -1219.02
20150925 0166956170 000501 证券买入歌尔声学 200.00 21.660 5.00 0.00 -4337.00 5664.00
20150930 A808998161 000501 证券卖出岳阳林纸 100.00 6.750 5.00 0.69 669.31 670.31
20150930 A808998161 000501 证券卖出武钢股份 300.00 3.770 5.00 1.15 1124.85 1795.16
20150930 A808998161 000501 证券卖出国电南自 400.00 7.450 5.00 3.04 2971.96 4767.12
20150930 A808998161 000501 证券卖出太极集团 400.00 15.850 5.00 6.47 6328.53 11095.65
20150930 0166956170 000501 证券卖出歌尔声学 200.00 22.150 5.00 4.43 4420.57 15516.22
20150930 0166956170 000501 证券卖出歌尔声学 200.00 22.300 5.00 4.46 4450.54 19966.76
20150930 0166956170 000501 证券卖出格力电器 500.00 16.150 5.00 8.08 8061.92 28028.68
20150930 0166956170 000501 证券卖出歌尔声学 500.00 23.510 5.88 11.76 11737.36 39766.04
20150930 0166956170 000501 证券卖出英威腾 400.00 8.110 5.00 3.24 3235.76 43001.80
20150930 0166956170 000501 证券卖出奥拓电子 900.00 7.050 5.00 6.35 6333.65 49335.45
20150930 0166956170 000501 证券卖出益盛药业 400.00 13.180 5.00 5.27 5261.73 54597.18
20151008 A808998161 000501 证券买入安信信托 100.00 15.050 5.00 0.03 -1510.03 -1509.03
20151008 0166956170 000501 证券买入奥拓电子 500.00 7.370 5.00 0.00 -3690.00 -5199.03
20151009 A808998161 000501 证券买入上海医药 400.00 18.500 5.00 0.15 -7405.15 -7404.15
20151009 0166956170 000501 证券卖出奥拓电子 500.00 7.760 5.00 3.88 3871.12 -3533.03
20151012 A808998161 000501 证券买入国中水务 1000.00 5.270 5.00 0.11 -5275.11 -5274.11
20151012 A808998161 000501 证券买入铁龙物流 500.00 9.320 5.00 0.09 -4665.09 -9939.20
20151012 A808998161 000501 证券买入国电南自 100.00 9.280 5.00 0.02 -933.02 -10872.22
20151012 A808998161 000501 证券买入太极集团 100.00 17.550 5.00 0.04 -1760.04 -12632.26
20151012 A808998161 000501 证券买入国电南自 200.00 8.990 5.00 0.04 -1803.04 -14435.30
20151012 A808998161 000501 证券卖出太极集团 100.00 18.350 5.00 1.88 1828.12 -12607.18
20151012 0166956170 000501 证券买入益盛药业 100.00 14.190 5.00 0.00 -1424.00 -14031.18
20151012 0166956170 000501 证券买入英威腾 100.00 9.320 5.00 0.00 -937.00 -14968.18
20151013 A808998161 000501 证券卖出安信信托 100.00 16.390 5.00 1.67 1632.33 1644.53
20151013 A808998161 000501 证券卖出国中水务 1000.00 5.670 5.00 5.78 5659.22 7303.75
20151013 A808998161 000501 证券卖出上海医药 400.00 18.920 5.00 7.72 7555.28 14859.03
20151013 A808998161 000501 证券卖出国电南自 400.00 9.600 5.00 3.92 3831.08 18690.11
20151013 0166956170 000501 证券卖出益盛药业 100.00 14.780 5.00 1.48 1471.52 20161.63
20151013 0166956170 000501 证券卖出奥拓电子 500.00 9.000 5.00 4.50 4490.50 24652.13
20151014 A808998161 000501 证券买入武钢股份 1000.00 4.000 5.00 0.08 -4005.08 -4004.08
20151014 A808998161 000501 证券买入全筑股份 500.00 25.750 6.44 0.26 -12881.70 -16885.78
20151015 A808998161 000501 证券卖出铁龙物流 500.00 9.780 5.00 4.99 4880.01 4881.01
20151015 0166956170 000501 证券买入平安银行 500.00 11.000 5.00 0.00 -5505.00 -623.99
20151015 0166956170 000501 证券卖出奥拓电子 500.00 9.300 5.00 4.65 4640.35 4016.36
20151015 0166956170 000501 证券买入英威腾 300.00 10.250 5.00 0.00 -3080.00 936.36
20151015 0166956170 000501 证券卖出格力电器 500.00 17.450 5.00 8.73 8711.27 9647.63
20151016 A808998161 000501 证券买入滨化股份 500.00 7.710 5.00 0.08 -3860.08 -3859.08
20151016 A808998161 000501 证券卖出武钢股份 1000.00 4.080 5.00 4.16 4070.84 211.76
20151016 A808998161 000501 证券卖出全筑股份 500.00 26.600 6.65 13.57 13279.78 13491.54
20151023 A808998161 000501 证券买入上海医药 500.00 20.010 5.00 0.20 -10010.20 -10009.20
20151023 0166956170 000501 证券卖出平安银行 500.00 11.500 5.00 5.75 5739.25 -4269.95
20151026 A808998161 000501 证券买入东方金钰 500.00 13.820 5.00 0.14 -6915.14 -6914.14
20151026 A808998161 000501 证券买入太极集团 100.00 20.890 5.00 0.04 -2094.04 -9008.18
20151026 A808998161 000501 证券买入太极集团 200.00 20.450 5.00 0.08 -4095.08 -13103.26
20151026 A808998161 000501 证券买入东方金钰 500.00 13.350 5.00 0.13 -6680.13 -19783.39
20151026 0166956170 000501 证券买入格力电器 500.00 18.070 5.00 0.00 -9040.00 -28823.39
20151027 0166956170 000501 证券买入奥拓电子 400.00 11.250 5.00 0.00 -4505.00 -4504.00
20151027 0166956170 000501 证券买入益盛药业 400.00 15.600 5.00 0.00 -6245.00 -10749.00
20151028 A808998161 000501 证券买入江南高纤 1000.00 6.650 5.00 0.13 -6655.13 -6654.13
20151028 0166956170 000501 证券买入奥拓电子 500.00 10.900 5.00 0.00 -5455.00 -12109.13
20151030 A808998161 000501 证券卖出江南高纤 1000.00 7.350 5.00 7.50 7337.50 7338.50
20151102 A808998161 000501 证券买入东方金钰 500.00 11.700 5.00 0.12 -5855.12 -5854.12
20151103 0166956170 000501 证券买入拓日新能 300.00 9.800 5.00 0.00 -2945.00 -2944.00
20151104 A808998161 000501 证券卖出滨化股份 500.00 7.900 5.00 4.03 3940.97 3941.97
20151104 A808998161 000501 证券卖出太极集团 400.00 22.000 5.00 8.98 8786.02 12727.99
20151104 A808998161 000501 证券买入绿城水务 500.00 19.300 5.00 0.19 -9655.19 3072.80
20151104 A808998161 000501 证券买入哈高科 500.00 12.240 5.00 0.12 -6125.12 -3052.32
20151104 0166956170 000501 证券卖出拓日新能 300.00 10.200 5.00 3.06 3051.94 -0.38
20151104 0166956170 000501 证券卖出英威腾 400.00 10.510 5.00 4.20 4194.80 4194.42
20151104 0166956170 000501 证券卖出益盛药业 400.00 16.100 5.00 6.44 6428.56 10622.98
20151104 0166956170 000501 证券卖出奥拓电子 500.00 11.190 5.00 5.60 5584.40 16207.38
20151105 A808998161 000501 证券买入哈高科 500.00 12.100 5.00 0.12 -6055.12 -6054.12
20151105 A808998161 000501 证券卖出绿城水务 500.00 19.710 5.00 10.05 9839.95 3785.83
20151105 A808998161 000501 证券买入东方金钰 500.00 11.830 5.00 0.12 -5920.12 -2134.29
20151105 A808998161 000501 证券买入国投新集 500.00 12.250 5.00 0.12 -6130.12 -8264.41
20151105 0166956170 000501 证券买入英威腾 100.00 10.740 5.00 0.00 -1079.00 -9343.41
20151105 0166956170 000501 证券卖出格力电器 500.00 18.690 5.00 9.35 9330.65 -12.76
20151105 0166956170 000501 证券买入益盛药业 100.00 16.100 5.00 0.00 -1615.00 -1627.76
20151105 0166956170 000501 证券卖出歌尔声学 500.00 26.508 6.63 13.25 13234.12 11606.36
20151105 0166956170 000501 证券买入奥拓电子 500.00 11.046 5.00 0.00 -5528.00 6078.36
20151106 A808998161 000501 证券买入绿城水务 500.00 20.750 5.19 0.21 -10380.40 -10379.40
20151109 A808998161 000501 证券买入万林股份 400.00 29.750 5.95 0.24 -11906.19 -11905.19
20151110 A808998161 000501 证券卖出上海医药 500.00 20.620 5.16 10.52 10294.32 10329.36
20151110 A808998161 000501 证券买入绿城水务 500.00 19.910 5.00 0.20 -9960.20 369.16
20151110 0166956170 000501 证券卖出奥拓电子 1000.00 13.160 6.58 13.16 13140.26 13509.42
20151110 0166956170 000501 证券买入英威腾 200.00 10.770 5.00 0.00 -2159.00 11350.42
20151110 0166956170 000501 证券买入拓日新能 500.00 10.290 5.00 0.00 -5150.00 6200.42
20151111 A808998161 000501 证券买入鹿港科技 200.00 27.100 5.00 0.11 -5425.11 -5424.11
20151111 A808998161 000501 证券买入西部黄金 500.00 20.230 5.06 0.20 -10120.26 -15544.37
20151111 0166956170 000501 证券卖出拓日新能 500.00 10.600 5.00 5.30 5289.70 -10254.67
20151111 0166956170 000501 证券卖出英威腾 400.00 11.200 5.00 4.48 4470.52 -5784.15
20151112 A808998161 000501 证券卖出绿城水务 1000.00 20.990 10.50 21.41 20958.09 20959.09
20151112 A808998161 000501 证券卖出西部黄金 500.00 20.440 5.11 10.42 10204.47 31163.56
20151112 A808998161 000501 证券卖出万林股份 400.00 33.390 6.68 13.63 13335.69 44499.25
20151112 A808998161 000501 证券卖出东方金钰 2000.00 12.800 12.80 26.11 25561.09 70060.34
20151112 A808998161 000501 证券买入鹿港科技 200.00 26.430 5.00 0.11 -5291.11 64769.23
20151112 0166956170 000501 证券买入金莱特 500.00 28.880 7.22 0.00 -14447.22 50322.01
20151113 A808998161 000501 证券买入鹿港科技 400.00 25.510 5.10 0.20 -10209.30 -10208.30
20151113 A808998161 000501 证券买入国投新集 500.00 11.790 5.00 0.12 -5900.12 -16108.42
20151113 0166956170 000501 证券买入金莱特 500.00 27.518 6.88 0.00 -13765.88 -29874.30
20151118 0166956170 000501 证券买入恒立实业 500.00 14.140 5.00 0.00 -7075.00 -7074.00
20151119 0166956170 000501 证券买入金莱特 500.00 24.420 6.11 0.00 -12216.11 -12215.11
20151119 0166956170 000501 证券卖出金莱特 500.00 25.340 6.34 12.67 12650.99 435.88
20151119 0166956170 000501 证券卖出益盛药业 100.00 17.040 5.00 1.70 1697.30 2133.18
20151120 0166956170 000501 证券买入荣安地产 1000.00 5.970 5.00 0.00 -5975.00 -5974.00
20151120 0166956170 000501 证券卖出恒立实业 500.00 14.800 5.00 7.40 7387.60 1413.60
20151123 A808998161 000501 证券买入国投新集 1000.00 11.340 5.67 0.22 -11345.89 -11344.89
20151123 0166956170 000501 证券卖出荣安地产 1000.00 6.220 5.00 6.22 6208.78 -5136.11
20151124 A808998161 000501 证券买入鹿港科技 200.00 23.730 5.00 0.09 -4751.09 -4750.09
20151125 0166956170 000501 证券买入歌尔声学 100.00 34.310 5.00 0.00 -3436.00 -3435.00
20151126 0166956170 000501 证券买入歌尔声学 100.00 33.150 5.00 0.00 -3320.00 -3319.00
20160226 A808998161 000501 证券卖出哈高科 500.00 8.660 5.00 4.42 4320.58 4337.47
20160226 A808998161 000501 证券卖出鹿港科技 500.00 18.150 5.00 9.26 9060.74 13398.21
20160226 A808998161 000501 证券卖出国投新集 1000.00 7.150 5.00 7.29 7137.71 20535.92
20160229 0166956170 000501 证券买入歌尔声学 200.00 23.580 5.00 0.00 -4721.00 -4720.00
20160229 0166956170 000501 证券买入厦门信达 200.00 15.400 5.00 0.00 -3085.00 -7805.00
20160301 0166956170 000501 证券卖出歌尔声学 200.00 24.320 5.00 4.86 4854.14 4855.14
20160301 0166956170 000501 证券卖出厦门信达 200.00 16.130 5.00 3.23 3217.77 8072.91
20160302 0166956170 000501 证券买入木林森 200.00 27.100 5.00 0.00 -5425.00 -5424.00
20160303 0166956170 000501 证券买入世联行 200.00 15.510 5.00 0.00 -3107.00 -3106.00
20160303 0166956170 000501 证券卖出木林森 200.00 27.850 5.00 5.57 5559.43 2453.43
20160303 0166956170 000501 证券买入世联行 200.00 15.060 5.00 0.00 -3017.00 -563.57
20160307 A808998161 000501 证券卖出哈高科 400.00 8.830 5.00 3.61 3523.39 3524.39
20160308 0166956170 000501 证券买入世联行 200.00 13.000 5.00 0.00 -2605.00 -2604.00
20160308 0166956170 000501 证券买入世联行 200.00 12.880 5.00 0.00 -2581.00 -5185.00
20160308 0166956170 000501 证券卖出世联行 400.00 13.620 5.00 5.44 5437.56 252.56
20160309 A808998161 000501 证券买入国投新集 500.00 6.580 5.00 0.07 -3295.07 -3294.07
20160311 A808998161 000501 证券卖出国投新集 500.00 6.080 5.00 3.10 3031.90 3038.05
20160311 0166956170 000501 证券买入世联行 200.00 12.720 5.00 0.00 -2549.00 489.05
20160311 0166956170 000501 证券卖出世联行 200.00 12.590 5.00 2.52 2510.48 2999.53
20160311 0166956170 000501 证券卖出金莱特 500.00 16.050 5.00 8.03 8011.97 11011.50
20160311 0166956170 000501 证券买入歌尔声学 200.00 22.200 5.00 0.00 -4445.00 6566.50
20160314 0166956170 000501 证券买入世联行 100.00 12.750 5.00 0.00 -1280.00 -1279.00
20160315 A808998161 000501 证券买入哈高科 400.00 8.080 5.00 0.06 -3237.06 -3236.06
20160315 0166956170 000501 证券买入益盛药业 400.00 11.330 5.00 0.00 -4537.00 -7773.06
20160315 0166956170 000501 证券卖出歌尔声学 200.00 24.200 5.00 4.84 4830.16 -2942.90
20160316 0166956170 000501 证券卖出金莱特 400.00 18.370 5.00 7.35 7335.65 7336.65
20160316 0166956170 000501 证券买入长航凤凰 300.00 9.090 5.00 0.00 -2732.00 4604.65
20160316 0166956170 000501 证券买入创维数字 200.00 12.880 5.00 0.00 -2581.00 2023.65
20160316 0166956170 000501 证券买入世联行 200.00 12.420 5.00 0.00 -2489.00 -465.35
20160317 A808998161 000501 证券卖出哈高科 400.00 8.280 5.00 3.38 3303.62 3304.62
20160317 0166956170 000501 证券卖出长航凤凰 300.00 9.560 5.00 2.87 2860.13 6164.75
20160317 0166956170 000501 证券卖出创维数字 200.00 14.140 5.00 2.83 2820.17 8984.92
20160317 0166956170 000501 证券卖出世联行 300.00 12.730 5.00 3.82 3810.18 12795.10
20160317 0166956170 000501 证券卖出益盛药业 400.00 11.590 5.00 4.64 4626.36 17421.46
20160318 A808998161 000501 证券卖出鹿港科技 400.00 19.270 5.00 7.86 7695.14 7696.15
20160318 A808998161 000501 证券卖出国投新集 500.00 6.510 5.00 3.33 3246.67 10942.82
20160318 0166956170 000501 证券卖出歌尔声学 200.00 26.220 5.00 5.24 5233.76 16176.58
20160318 0166956170 000501 证券卖出世联行 300.00 13.350 5.00 4.01 3995.99 20172.57
20160324 A808998161 000501 证券买入迪马股份 500.00 7.500 5.00 0.08 -3755.08 -3754.07
20160324 A808998161 000501 证券买入同仁堂 200.00 28.550 5.00 0.11 -5715.11 -9469.18
20160324 0166956170 000501 证券买入沪电股份 500.00 4.970 5.00 0.00 -2490.00 -11959.18
20160324 0166956170 000501 证券买入江南红箭 400.00 13.850 5.00 0.00 -5545.00 -17504.18
20160325 A808998161 000501 证券卖出同仁堂 200.00 29.180 5.00 5.96 5825.04 5826.04
20160329 A808998161 000501 证券买入国投新集 500.00 6.200 5.00 0.06 -3105.06 -3104.06
20160329 0166956170 000501 证券买入沪电股份 500.00 4.570 5.00 0.00 -2290.00 -5394.06
20160329 0166956170 000501 证券买入江南红箭 400.00 13.220 5.00 0.00 -5293.00 -10687.06
20160330 0166956170 000501 证券卖出沪电股份 500.00 4.720 5.00 2.36 2352.64 2353.64
20160330 0166956170 000501 证券卖出江南红箭 300.00 13.480 5.00 4.04 4034.96 6388.60
20160331 0166956170 000501 证券买入歌尔声学 100.00 26.280 5.00 0.00 -2633.00 -2632.00
20160331 0166956170 000501 证券买入世联行 100.00 13.200 5.00 0.00 -1325.00 -3957.00
20160331 0166956170 000501 证券买入歌尔声学 100.00 25.850 5.00 0.00 -2590.00 -6547.00
20160331 0166956170 000501 证券买入歌尔声学 100.00 25.650 5.00 0.00 -2570.00 -9117.00
20160331 0166956170 000501 证券买入世联行 100.00 13.180 5.00 0.00 -1323.00 -10440.00
20160401 0166956170 000501 证券买入世联行 200.00 13.000 5.00 0.00 -2605.00 -2604.00
20160401 0166956170 000501 证券买入歌尔声学 100.00 25.400 5.00 0.00 -2545.00 -5149.00
20160405 A808998161 000501 证券卖出国投新集 500.00 6.930 5.00 3.54 3456.46 3457.46
20160406 A808998161 000501 证券买入国投新集 500.00 6.680 5.00 0.07 -3345.07 -3344.07
20160406 A808998161 000501 证券卖出迪马股份 500.00 7.670 5.00 3.92 3826.08 482.01
20160406 0166956170 000501 证券买入攀钢钒钛 1000.00 3.230 5.00 0.00 -3235.00 -2752.99
20160406 0166956170 000501 证券卖出江南红箭 500.00 13.820 5.00 6.91 6898.09 4145.10
20160406 0166956170 000501 证券卖出歌尔声学 400.00 26.990 5.40 10.80 10779.80 14924.90
20160406 0166956170 000501 证券卖出沪电股份 500.00 4.910 5.00 2.46 2447.54 17372.44
20160406 0166956170 000501 证券买入天茂集团 500.00 8.100 5.00 0.00 -4055.00 13317.44
20160407 A808998161 000501 证券买入国投新集 500.00 6.450 5.00 0.06 -3230.06 -3229.06
20160407 0166956170 000501 证券卖出天茂集团 500.00 8.230 5.00 4.12 4105.88 876.82
20160407 0166956170 000501 证券卖出世联行 400.00 13.810 5.00 5.52 5513.48 6390.30
20160407 0166956170 000501 证券买入攀钢钒钛 500.00 3.140 5.00 0.00 -1575.00 4815.30
20160407 0166956170 000501 证券卖出攀钢钒钛 500.00 3.250 5.00 1.63 1618.37 6433.67
20160412 0166956170 000501 证券买入长城信息 200.00 22.690 5.00 0.00 -4543.00 -4509.66
20160413 0166956170 000501 证券买入长城信息 300.00 22.740 5.00 0.00 -6827.00 -6826.00
20160413 0166956170 000501 证券买入歌尔声学 400.00 27.125 5.43 0.00 -10855.43 -17681.43
20160413 0166956170 000501 股息入帐世联行 0.00 0.000 0.00 0.00 4.00 -17677.43
20160413 0166956170 000501 红股入帐世联行 40.00 0.000 0.00 0.00 0.00 -17677.43
20160414 A808998161 000501 证券卖出国投新集 500.00 6.940 5.00 3.54 3461.46 3466.46
20160414 0166956170 000501 证券买入世联行 200.00 9.700 5.00 0.00 -1945.00 1521.46
20160414 0166956170 000501 证券卖出歌尔声学 400.00 27.350 5.47 10.94 10923.59 12445.05
20160415 A808998161 000501 证券买入金钼股份 500.00 7.960 5.00 0.08 -3985.08 -3984.08
20160418 0166956170 000501 证券买入世联行 200.00 9.390 5.00 0.00 -1883.00 -1882.00
20160418 0166956170 000501 证券买入航天发展 97.00 15.430 5.00 0.00 -1501.71 -3383.71
20160418 0166956170 000501 证券买入航天发展 400.00 15.470 5.00 0.00 -6193.00 -9576.71
20160420 A808998161 000501 证券卖出国投新集 500.00 6.180 5.00 3.15 3081.85 3082.85
20160420 0166956170 000501 证券卖出长城信息 200.00 20.400 5.00 4.08 4070.92 7153.77
20160421 A808998161 000501 证券卖出金钼股份 200.00 7.550 5.00 1.54 1503.46 1504.46
20160421 A808998161 000501 证券卖出金钼股份 200.00 7.850 5.00 1.60 1563.40 3067.86
20160421 0166956170 000501 证券卖出世联行 200.00 8.600 5.00 1.72 1713.28 4781.14
20160421 0166956170 000501 证券卖出攀钢钒钛 900.00 3.160 5.00 2.84 2836.16 7617.30
20160425 0166956170 000501 证券买入世联行 200.00 8.390 5.00 0.00 -1683.00 -1678.00
20160425 0166956170 000501 红利差异税补扣世联行 0.00 0.000 0.00 0.00 -4.00 -1682.00
20160426 0166956170 000501 证券卖出世联行 300.00 8.540 5.00 2.56 2554.44 2555.44
20160427 A808998161 000501 证券买入金钼股份 400.00 7.590 5.00 0.06 -3041.06 -3040.06
20160428 A808998161 000501 证券买入国投新集 500.00 5.880 5.00 0.06 -2945.06 -2944.06
20160428 A808998161 000501 证券卖出金钼股份 200.00 7.530 5.00 1.54 1499.46 -1444.60
20160428 0166956170 000501 证券买入世联行 200.00 8.380 5.00 0.00 -1681.00 -3125.60
20160428 0166956170 000501 证券买入长城信息 200.00 19.040 5.00 0.00 -3813.00 -6938.60
20160428 0166956170 000501 证券买入世联行 100.00 8.370 5.00 0.00 -842.00 -7780.60
20160428 0166956170 000501 证券卖出长城信息 200.00 19.250 5.00 3.85 3841.15 -3939.45
20160428 0166956170 000501 证券卖出世联行 240.00 8.430 5.00 2.02 2016.18 -1923.27
20160428 0166956170 000501 证券买入攀钢钒钛 400.00 2.970 5.00 0.00 -1193.00 -3116.27
20160503 A808998161 000501 证券买入金钼股份 300.00 7.790 5.00 0.05 -2342.05 -2341.05
20160503 0166956170 000501 证券卖出*ST钒钛 400.00 2.830 5.00 1.13 1125.87 -1215.18
20160503 0166956170 000501 证券买入长城信息 300.00 19.750 5.00 0.00 -5930.00 -7145.18
20160503 0166956170 000501 证券买入世联行 300.00 8.470 5.00 0.00 -2546.00 -9691.18
20160503 0166956170 000501 证券买入长城信息 300.00 19.650 5.00 0.00 -5900.00 -15591.18
20160505 A808998161 000501 证券卖出*ST新集 900.00 5.060 5.00 4.64 4544.36 4545.36
20160505 A808998161 000501 股息入帐伊利股份 0.00 0.000 0.00 0.00 45.00 4590.36
20160511 A808998161 000501 证券买入金钼股份 400.00 7.170 5.00 0.06 -2873.06 -2790.61
20160511 0166956170 000501 证券买入长城信息 600.00 17.250 5.18 0.00 -10355.18 -13145.79
20160513 A808998161 000501 证券卖出金钼股份 500.00 7.550 5.00 3.86 3766.14 3767.14
20160513 0166956170 000501 证券买入世联行 400.00 7.800 5.00 0.00 -3125.00 642.14
20160524 A808998161 000501 证券卖出金钼股份 500.00 8.290 5.00 4.23 4135.77 4136.77
20160524 0166956170 000501 证券买入长城信息 500.00 16.600 5.00 0.00 -8305.00 -4168.23
20160524 0166956170 000501 证券卖出长城信息 500.00 16.980 5.00 8.49 8476.51 4308.28
20160525 A808998161 000501 证券买入上海医药 100.00 18.200 5.00 0.04 -1825.04 -1824.04
20160525 0166956170 000501 证券买入世联行 500.00 7.330 5.00 0.00 -3670.00 -5494.04
20160525 0166956170 000501 证券买入歌尔声学 100.00 26.850 5.00 0.00 -2690.00 -8184.04
20160525 0166956170 000501 证券买入歌尔声学 100.00 26.700 5.00 0.00 -2675.00 -10859.04
20160526 A808998161 000501 证券买入伊利股份 200.00 15.050 5.00 0.06 -3015.06 -3014.06
20160526 A808998161 000501 证券卖出伊利股份 100.00 15.020 5.00 1.53 1495.47 -1518.59
20160526 A808998161 000501 证券卖出上海医药 100.00 18.070 5.00 1.85 1800.15 281.56
20160526 0166956170 000501 证券卖出世联行 500.00 7.390 5.00 3.70 3686.30 3967.86
20160527 A808998161 000501 证券买入伊利股份 200.00 15.130 5.00 0.06 -3031.06 -3030.06
20160601 A808998161 000501 证券卖出伊利股份 300.00 15.330 5.00 4.69 4589.31 4590.31
20160601 A808998161 000501 证券买入三元股份 500.00 8.340 5.00 0.08 -4175.08 415.23
20160602 A808998161 000501 证券卖出三元股份 500.00 8.550 5.00 4.37 4265.63 4266.63
20160602 0166956170 000501 证券卖出世联行 500.00 7.660 5.00 3.83 3821.17 8087.80
20160602 0166956170 000501 证券卖出长城信息 1000.00 17.750 8.88 17.75 17723.37 25811.17
20160602 0166956170 000501 证券卖出歌尔声学 200.00 27.450 5.00 5.49 5479.51 31290.68
20160603 A808998161 000501 证券买入同仁堂 500.00 28.040 7.01 0.28 -14027.29 -14021.79
20160603 0166956170 000501 证券买入万马股份 500.00 19.630 5.00 0.00 -9820.00 -23841.79
20160603 A808998161 000501 红利差异税补扣伊利股份 0.00 0.000 0.00 0.00 -4.50 -23846.29
20160606 A808998161 000501 证券买入同仁堂 200.00 27.710 5.00 0.11 -5547.11 -5546.11
20160607 A808998161 000501 股息入帐鹿港科技 0.00 0.000 0.00 0.00 10.00 11.00
20160607 0166956170 000501 股息入帐航天发展 0.00 0.000 0.00 0.00 22.36 33.36
20160608 A808998161 000501 红股入帐DR鹿港科 100.00 0.000 0.00 0.00 0.00 47.87
20160613 0166956170 000501 证券买入万马股份 300.00 18.370 5.00 0.00 -5516.00 -5468.13
20160614 0166956170 000501 股息入帐歌尔声学 0.00 0.000 0.00 0.00 10.00 11.00
20160615 A808998161 000501 证券买入同仁堂 100.00 27.120 5.00 0.05 -2717.05 -2706.05
20160615 0166956170 000501 证券卖出万马股份 300.00 20.180 5.00 6.05 6042.95 3336.90
20160615 0166956170 000501 证券卖出金莱特 100.00 25.060 5.00 2.51 2498.49 5835.39
20160621 A808998161 000501 证券卖出同仁堂 300.00 27.550 5.00 8.44 8251.56 8252.57
20160623 0166956170 000501 证券买入阳普医疗 500.00 15.210 5.00 0.00 -7610.00 -7609.00
20160624 0166956170 000501 证券卖出阳普医疗 500.00 15.400 5.00 7.70 7687.30 7688.30
20160627 0166956170 000501 证券买入长城信息 500.00 16.890 5.00 0.00 -8450.00 -8449.00
20160627 0166956170 000501 股息入帐万马股份 0.00 0.000 0.00 0.00 50.00 -8399.00
20160628 A808998161 000501 证券卖出同仁堂 500.00 30.040 7.51 15.32 14997.17 15048.17
20160628 0166956170 000501 证券卖出长城信息 500.00 18.430 5.00 9.22 9200.78 24248.95
20160628 0166956170 000501 股息入帐长城信息 0.00 0.000 0.00 0.00 25.00 24273.95
20160630 A808998161 000501 证券买入湘电股份 500.00 12.270 5.00 0.12 -6140.12 -6114.12
20160630 A808998161 000501 证券卖出伊利股份 100.00 16.650 5.00 1.70 1658.30 -4455.82
20160630 0166956170 000501 证券买入东方财富 500.00 22.250 5.56 0.00 -11130.56 -15586.38
20160701 A808998161 000501 股息入帐哈高科 0.00 0.000 0.00 0.00 1.30 2.30
20160705 A808998161 000501 证券卖出湘电股份 500.00 13.300 5.00 6.78 6638.22 6640.52
20160705 0166956170 000501 证券买入北信源 500.00 18.700 5.00 0.00 -9355.00 -2714.48
20160706 0166956170 000501 股息入帐格力电器 0.00 0.000 0.00 0.00 150.00 151.00
20160711 A808998161 000501 证券买入金证股份 300.00 35.330 5.30 0.22 -10604.52 -10593.27
20160712 A808998161 000501 证券卖出金证股份 300.00 35.750 5.36 10.94 10708.70 10709.70
20160712 0166956170 000501 证券卖出北信源 500.00 20.130 5.03 10.07 10049.90 20759.60
20160712 0166956170 000501 证券卖出万马股份 500.00 20.030 5.01 10.02 9999.97 30759.57
20160713 A808998161 000501 证券买入上海医药 500.00 19.406 5.00 0.20 -9708.20 -9707.20
20160713 0166956170 000501 证券买入天泽信息 500.00 26.500 6.63 0.00 -13256.63 -22963.83
20160714 A808998161 000501 证券卖出上海医药 500.00 19.350 5.00 9.88 9660.12 9669.12
20160714 0166956170 000501 证券卖出世联行 400.00 8.850 5.00 3.54 3531.46 13200.58
20160714 0166956170 000501 证券卖出天泽信息 500.00 26.952 6.74 13.48 13455.78 26656.36
20160714 0166956170 000501 红利差异税补扣万马股份 0.00 0.000 0.00 0.00 -2.00 26654.36
20160714 0166956170 000501 红利差异税补扣万马股份 0.00 0.000 0.00 0.00 -6.00 26648.36
20160715 A808998161 000501 证券买入抚顺特钢 500.00 7.640 5.00 0.08 -3825.08 -3824.08
20160715 0166956170 000501 证券买入东方财富 500.00 21.940 5.49 0.00 -10975.49 -14799.57
20160715 0166956170 000501 证券买入东方财富 500.00 21.200 5.30 0.00 -10605.30 -25404.87
20160718 A808998161 000501 股息入帐上海医药 0.00 0.000 0.00 0.00 33.00 34.00
20160803 A808998161 000501 证券买入抚顺特钢 500.00 6.800 5.00 0.07 -3405.07 -3371.07
20160805 A808998161 000501 证券买入鹿港文化 200.00 12.250 5.00 0.05 -2455.05 -2454.05
20160808 A808998161 000501 证券买入鹿港文化 400.00 11.000 5.00 0.09 -4405.09 -4404.09
20160818 A808998161 000501 股息入帐中信证券 0.00 0.000 0.00 0.00 50.00 66.14
20161024 A808998161 000501 证券卖出抚顺特钢 500.00 7.480 5.00 3.81 3731.19 3799.58
20161107 A808998161 000501 证券卖出鹿港文化 300.00 10.340 5.00 3.16 3093.84 3094.84
20161108 A808998161 000501 红利差异税扣税鹿港文化 0.00 0.000 0.00 0.00 -1.00 0.00
20161109 0166956170 000501 证券买入世联行 400.00 7.920 5.00 0.00 -3173.00 -3172.00
20161111 A808998161 000501 证券卖出抚顺特钢 500.00 8.130 5.00 4.15 4055.85 4059.11
20161111 0166956170 000501 证券卖出东方财富 500.00 20.100 5.03 10.05 10034.92 14094.03
20161114 0166956170 000501 证券买入深科技 500.00 10.740 5.00 0.00 -5375.00 -5374.00
20161123 A808998161 000501 证券买入中新科技 100.00 27.070 5.00 0.05 -2712.05 -2711.05
20161123 A808998161 000501 证券买入中国卫星 100.00 32.370 5.00 0.06 -3242.06 -5953.11
20161123 A808998161 000501 证券买入中新科技 100.00 26.650 5.00 0.05 -2670.05 -8623.16
20161123 0166956170 000501 证券买入明家联合 100.00 16.700 5.00 0.00 -1675.00 -10298.16
20161123 0166956170 000501 证券买入星辉娱乐 100.00 12.540 5.00 0.00 -1259.00 -11557.16
20161123 0166956170 000501 证券买入高伟达 100.00 22.800 5.00 0.00 -2285.00 -13842.16
20161123 0166956170 000501 证券卖出世联行 400.00 8.410 5.00 3.36 3355.64 -10486.52
20161124 A808998161 000501 证券买入中国卫星 100.00 33.200 5.00 0.07 -3325.07 -3324.07
20161124 0166956170 000501 证券卖出明家联合 100.00 17.300 5.00 1.73 1723.27 -1600.80
20161124 0166956170 000501 证券买入新联电子 500.00 10.300 5.00 0.00 -5155.00 -6755.80
20161124 0166956170 000501 证券买入星辉娱乐 100.00 12.400 5.00 0.00 -1245.00 -8000.80
20161124 0166956170 000501 证券卖出深科技 500.00 10.750 5.00 5.38 5364.62 -2636.18
20161124 0166956170 000501 证券卖出东方财富 500.00 21.100 5.28 10.55 10534.17 7897.99
20161124 0166956170 000501 证券买入歌尔股份 100.00 28.100 5.00 0.00 -2815.00 5082.99
20161125 A808998161 000501 证券卖出中国卫星 100.00 33.540 5.00 3.42 3345.58 13346.58
20161125 A808998161 000501 证券买入中新科技 100.00 25.860 5.00 0.05 -2591.05 10755.53
20161125 A808998161 000501 证券卖出中新科技 100.00 26.410 5.00 2.69 2633.31 13388.84
20161125 0166956170 000501 证券买入高伟达 100.00 21.650 5.00 0.00 -2170.00 11218.84
20161125 0166956170 000501 证券买入高伟达 100.00 21.550 5.00 0.00 -2160.00 9058.84
20161125 0166956170 000501 证券买入高伟达 100.00 20.600 5.00 0.00 -2065.00 6993.84
20161125 0166956170 000501 证券卖出高伟达 100.00 21.300 5.00 2.13 2122.87 9116.71
20161125 0166956170 000501 证券买入星辉娱乐 100.00 12.130 5.00 0.00 -1218.00 7898.71
20161125 0166956170 000501 证券买入星辉娱乐 200.00 12.030 5.00 0.00 -2411.00 5487.71
20161125 0166956170 000501 证券买入星辉娱乐 200.00 11.800 5.00 0.00 -2365.00 3122.71
20161128 0166956170 000501 证券买入新联电子 500.00 10.210 5.00 0.00 -5110.00 4891.00
20161128 0166956170 000501 证券买入星辉娱乐 300.00 11.970 5.00 0.00 -3596.00 1295.00
20161129 A808998161 000501 证券买入中新科技 100.00 25.900 5.00 0.05 -2595.05 -2594.05
20161129 0166956170 000501 证券买入高伟达 100.00 21.030 5.00 0.00 -2108.00 -4702.05
20161201 A808998161 000501 证券卖出中新科技 300.00 24.720 5.00 7.56 7403.44 7404.44
20161201 0166956170 000501 证券卖出格力电器 100.00 31.310 5.00 3.13 3122.87 10527.31
20161201 0166956170 000501 证券买入*ST钒钛 400.00 2.690 5.00 0.00 -1081.00 9446.31
20161201 0166956170 000501 证券买入数码视讯 200.00 8.340 5.00 0.00 -1673.00 7773.31
20161201 0166956170 000501 证券买入昆仑万维 100.00 26.510 5.00 0.00 -2656.00 5117.31
20161202 0166956170 000501 证券买入格力电器 100.00 29.140 5.00 0.00 -2919.00 -2918.00
20161202 0166956170 000501 证券买入数码视讯 200.00 8.160 5.00 0.00 -1637.00 -4555.00
20161202 0166956170 000501 证券买入昆仑万维 100.00 26.000 5.00 0.00 -2605.00 -7160.00
20161205 0166956170 000501 证券买入星辉娱乐 200.00 11.690 5.00 0.00 -2343.00 -2342.00
20161205 0166956170 000501 证券卖出高伟达 100.00 22.380 5.00 2.24 2230.76 -111.24
20161205 0166956170 000501 证券买入数码视讯 100.00 8.110 5.00 0.00 -816.00 -927.24
20161205 0166956170 000501 证券卖出高伟达 100.00 22.300 5.00 2.23 2222.77 1295.53
20161207 0166956170 000501 证券买入高伟达 200.00 21.600 5.00 0.00 -4325.00 -4324.00
20161208 0166956170 000501 证券买入高伟达 100.00 20.950 5.00 0.00 -2100.00 -2089.60
20161209 0166956170 000501 证券买入歌尔股份 100.00 27.200 5.00 0.00 -2725.00 7276.00
20161212 0166956170 000501 证券买入高伟达 100.00 19.990 5.00 0.00 -2004.00 7997.00
20161223 0166956170 000501 证券买入东方财富 500.00 17.850 5.00 0.00 -8930.00 -8928.94
20161223 0166956170 000501 证券买入东方财富 300.00 17.300 5.00 0.00 -5195.00 -14123.94
20161226 0166956170 000501 证券买入东方财富 100.00 16.730 5.00 0.00 -1678.00 -1677.00
20161230 0166956170 000501 证券卖出高伟达 100.00 18.200 5.00 1.82 1813.18 1814.18
20161230 0166956170 000501 证券买入数码视讯 200.00 7.240 5.00 0.00 -1453.00 361.18
20161230 0166956170 000501 证券卖出高伟达 400.00 18.200 5.00 7.28 7267.72 7628.90
20170104 0166956170 000501 证券买入*ST钒钛 500.00 2.390 5.00 0.00 -1200.00 -1199.00
20170105 0166956170 000501 证券卖出数码视讯 200.00 7.350 5.00 1.47 1463.53 1464.53
20170113 0166956170 000501 证券买入东方财富 100.00 16.450 5.00 0.00 -1650.00 3259.81
20170117 0166956170 000501 托管转出长城信息 500.00 0.000 0.00 0.00 0.00 1.00
20170117 0166956170 000501 托管转入长城电脑 922.00 0.000 0.00 0.00 0.00 1.00
20170123 0166956170 000501 证券买入蓝色光标 500.00 9.550 5.00 0.00 -4780.00 -4779.00
20170216 0166956170 000501 证券卖出歌尔股份 200.00 30.000 5.00 6.00 5989.00 5994.20
20170217 0166956170 000501 红利差异税扣税歌尔股份 0.00 0.000 0.00 0.00 -1.00 0.00
20170221 0166956170 000501 证券卖出长城电脑 422.00 10.100 5.00 4.26 4252.94 4253.94
20170222 0166956170 000501 证券买入高伟达 400.00 14.680 5.00 0.00 -5877.00 -5876.00
20170223 0166956170 000501 证券买入高伟达 300.00 14.480 5.00 0.00 -4349.00 -4348.00
20170223 0166956170 000501 证券卖出高伟达 300.00 14.670 5.00 4.40 4391.60 43.60
20170224 0166956170 000501 证券买入金运激光 200.00 28.000 5.00 0.00 -5605.00 -5561.40
20170224 0166956170 000501 证券卖出蓝色光标 300.00 10.170 5.00 3.05 3042.95 -2518.45
20170224 0166956170 000501 证券卖出星辉娱乐 200.00 10.200 5.00 2.04 2032.96 -485.49
20170227 0166956170 000501 证券卖出金运激光 200.00 29.000 5.00 5.80 5789.20 5790.20
20170227 0166956170 000501 证券买入昆仑万维 200.00 22.900 5.00 0.00 -4585.00 1205.20
20170301 0166956170 000501 证券卖出高伟达 400.00 15.350 5.00 6.14 6128.86 6129.86
20170301 0166956170 000501 证券买入金运激光 200.00 27.720 5.00 0.00 -5549.00 580.86
20170302 0166956170 000501 证券卖出*ST钒钛 900.00 2.610 5.00 2.35 2341.65 2342.65
20170303 0166956170 000501 证券买入昆仑万维 100.00 21.550 5.00 0.00 -2160.00 -2159.00
20170306 0166956170 000501 证券卖出金运激光 200.00 28.520 5.00 5.70 5693.30 5694.30
20170307 0166956170 000501 证券卖出昆仑万维 100.00 22.410 5.00 2.24 2233.76 2234.76
20170308 0166956170 000501 证券买入光力科技 200.00 26.100 5.00 0.00 -5225.00 -5224.00
20170308 0166956170 000501 证券买入金运激光 200.00 28.500 5.00 0.00 -5705.00 -10929.00
20170309 0166956170 000501 证券买入高伟达 100.00 15.050 5.00 0.00 -1510.00 -1503.67
20170309 0166956170 000501 证券买入光力科技 100.00 25.350 5.00 0.00 -2540.00 -4043.67
20170316 0166956170 000501 证券买入快意电梯 500.00 6.100 0.00 0.00 0.00 1.00
20170317 0166956170 000501 IPO市值配售扣款快意电梯 0.00 0.000 0.00 0.00 -3050.00 -49.00
20170320 0166956170 000501 配售认购快意电梯 500.00 6.100 0.00 0.00 0.00 1.01
20170321 0166956170 000501 证券卖出格力电器 100.00 29.930 5.00 2.99 2985.01 2986.02
20170321 0166956170 000501 证券买入高伟达 200.00 14.680 5.00 0.00 -2941.00 45.02
20170321 0166956170 000501 证券卖出歌尔股份 100.00 32.990 5.00 3.30 3290.70 3335.72
20170321 0166956170 000501 余额更新快意电梯 0.00 0.000 0.00 0.00 0.00 3335.72
20170323 A808998161 000501 证券卖出上海医药 100.00 23.240 5.00 2.37 2316.63 2317.63
20170323 0166956170 000501 证券卖出光力科技 300.00 26.700 5.00 8.01 7996.99 10314.62
20170327 0166956170 000501 证券买入蓝色光标 300.00 9.380 5.00 0.00 -2819.00 -2814.70
20170327 A808998161 000501 红利差异税补扣上海医药 0.00 0.000 0.00 0.00 -3.30 -2818.00
20170330 0166956170 000501 证券买入昆仑万维 100.00 21.000 5.00 0.00 -2105.00 -2104.00
20170330 0166956170 000501 证券买入蓝色光标 500.00 9.100 5.00 0.00 -4555.00 -6659.00
20170410 0166956170 000501 证券买入蓝色光标 100.00 8.910 5.00 0.00 -896.00 -890.67
20170410 0166956170 000501 证券卖出*ST钒钛 100.00 2.710 5.00 0.27 265.73 -624.94
20170417 0166956170 000501 红股入帐东方财富 300.00 0.000 0.00 0.00 0.00 1.00
20170417 0166956170 000501 股息入帐东方财富 0.00 0.000 0.00 0.00 60.00 61.00
20170502 0166956170 000501 证券买入数码视讯 100.00 6.160 5.00 0.00 -621.00 -560.00
20170508 A808998161 000501 股息入帐哈高科 0.00 0.000 0.00 0.00 1.50 2.50
20170510 0166956170 000501 股息入帐世联行 0.00 0.000 0.00 0.00 8.00 11.34
20170518 0166956170 000501 股息入帐星辉娱乐 0.00 0.000 0.00 0.00 60.00 71.34
20170601 0166956170 000501 股息入帐新联电子 0.00 0.000 0.00 0.00 11.00 82.34
20170609 0166956170 000501 股息入帐昆仑万维 0.00 0.000 0.00 0.00 52.50 134.99
20170614 A808998161 000501 股息入帐中国卫星 0.00 0.000 0.00 0.00 11.00 12.00
20170615 A808998161 000501 股息入帐鹿港文化 0.00 0.000 0.00 0.00 35.00 47.00
20170616 0166956170 000501 股息入帐航天发展 0.00 0.000 0.00 0.00 27.33 74.33
20170623 0166956170 000501 股息入帐蓝色光标 0.00 0.000 0.00 0.00 71.88 146.24
20170626 0166956170 000501 股息入帐数码视讯 0.00 0.000 0.00 0.00 18.00 164.24
20170712 0166956170 000501 股息入帐高伟达 0.00 0.000 0.00 0.00 3.20 22.52
20170714 0166956170 000501 股息入帐金运激光 0.00 0.000 0.00 0.00 1.20 23.72
20170808 0166956170 000501 证券卖出东方财富 300.00 13.300 5.00 3.99 3981.01 4004.73
20170817 A808998161 000501 股息入帐中信证券 0.00 0.000 0.00 0.00 35.00 36.52
20170828 A808998161 000501 证券卖出中信证券 100.00 18.250 5.00 1.87 1818.13 1854.65
20170828 A808998161 000501 证券买入新集能源 400.00 4.660 5.00 0.04 -1869.04 -14.39
20170828 0166956170 000501 证券卖出东方财富 500.00 15.100 5.00 7.55 7537.45 7523.06
20170828 0166956170 000501 证券卖出昆仑万维 500.00 26.280 6.57 13.14 13120.29 20643.35
20170829 A808998161 000501 证券买入工商银行 1000.00 6.050 5.00 0.12 -6055.12 -6054.12
20170829 A808998161 000501 证券买入新集能源 500.00 4.650 5.00 0.05 -2330.05 -8384.17
20170829 A808998161 000501 证券买入同仁堂 500.00 32.330 8.08 0.32 -16173.40 -24557.57
20170829 0166956170 000501 证券卖出世联行 100.00 11.800 5.00 1.18 1173.82 -23383.75
20170829 0166956170 000501 证券买入鞍钢股份 500.00 7.020 5.00 0.00 -3515.00 -26898.75
20170829 0166956170 000501 证券卖出快意电梯 500.00 14.200 5.00 7.10 7087.90 -19810.85
20170830 0166956170 000501 红利差异税扣税世联行 0.00 0.000 0.00 0.00 -0.80 6.65
20170830 0166956170 000501 证券卖出鞍钢股份 500.00 7.350 5.00 3.68 3666.32 3672.97
20170830 0166956170 000501 红利差异税补扣东方财富 0.00 0.000 0.00 0.00 -1.20 3671.77
20170830 0166956170 000501 红利差异税补扣昆仑万维 0.00 0.000 0.00 0.00 -5.25 3666.52
20170831 0166956170 000501 证券卖出高伟达 200.00 11.050 5.00 2.21 2202.79 2203.79
20170901 0166956170 000501 红利差异税扣税高伟达 0.00 0.000 0.00 0.00 -0.16 0.84
20170901 0166956170 000501 证券买入中国长城 500.00 8.420 5.00 0.00 -4215.00 -4214.16
20170906 A808998161 000501 证券卖出新集能源 500.00 5.050 5.00 2.58 2517.42 2518.42
20170906 A808998161 000501 证券买入哈高科 400.00 8.170 5.00 0.06 -3273.06 -754.64
20170906 0166956170 000501 证券卖出蓝色光标 100.00 7.970 5.00 0.80 791.20 36.56
20170907 0166956170 000501 红利差异税扣税蓝色光标 0.00 0.000 0.00 0.00 -0.65 35.91
20170907 0166956170 000501 证券买入歌尔股份 300.00 21.400 5.00 0.00 -6425.00 -6389.09
20170907 0166956170 000501 证券买入高伟达 200.00 11.810 5.00 0.00 -2367.00 -8756.09
20170907 0166956170 000501 证券卖出高伟达 200.00 12.780 5.00 2.56 2548.44 -6207.65
20170922 0166956170 000501 证券买入歌尔股份 200.00 20.150 5.00 0.00 -4035.00 -4027.00
20170922 0166956170 000501 证券卖出中国长城 500.00 8.920 5.00 4.46 4450.54 423.54
20171018 A808998161 000501 证券卖出同仁堂 500.00 33.450 8.36 17.06 16699.58 16702.26
20171018 A808998161 000501 证券卖出工商银行 1000.00 6.270 5.00 6.40 6258.60 22960.86
20171018 A808998161 000501 证券买入新集能源 500.00 4.280 5.00 0.04 -2145.04 20815.82
20171018 0166956170 000501 证券买入新联电子 1000.00 6.000 5.00 0.00 -6005.00 14810.82
20171019 0166956170 000501 证券买入高伟达 300.00 9.860 5.00 0.00 -2963.00 -2962.00
20171019 0166956170 000501 证券买入数码科技 400.00 5.290 5.00 0.00 -2121.00 -5083.00
20171019 0166956170 000501 证券买入中国长城 500.00 8.170 5.00 0.00 -4090.00 -9173.00
20171019 0166956170 000501 证券买入金运激光 300.00 19.200 5.00 0.00 -5765.00 -14938.00
20171024 A808998161 000501 证券买入哈高科 100.00 7.680 5.00 0.02 -773.02 -772.02
20171026 0166956170 000501 证券卖出歌尔股份 500.00 21.930 5.48 10.97 10948.55 10949.55
20171027 A808998161 000501 证券买入哈高科 400.00 7.340 5.00 0.06 -2941.06 -2940.06
20171030 0166956170 000501 证券买入金运激光 200.00 18.050 5.00 0.00 -3615.00 -3614.00
20171030 0166956170 000501 证券买入益盛药业 400.00 10.220 5.00 0.00 -4093.00 -7707.00
20171103 A808998161 000501 证券买入中国银行 1000.00 3.850 5.00 0.08 -3855.08 -3854.08
20171103 0166956170 000501 证券卖出金运激光 200.00 19.980 5.00 4.00 3987.00 132.92
20171106 0166956170 000501 红利差异税扣税金运激光 0.00 0.000 0.00 0.00 -0.12 0.88
20171106 0166956170 000501 证券卖出金运激光 200.00 20.550 5.00 4.11 4100.89 4101.77
20171107 A808998161 000501 证券买入长城汽车 400.00 11.310 5.00 0.09 -4529.09 -4528.09
20171117 A808998161 000501 证券买入新集能源 400.00 3.890 5.00 0.03 -1561.03 -1556.95
20171117 0166956170 000501 证券买入新联电子 1000.00 5.410 5.00 0.00 -5415.00 -6971.95
20171117 0166956170 000501 证券卖出金运激光 300.00 23.320 5.00 7.00 6984.00 12.05
20171129 0166956170 000501 证券卖出东方财富 500.00 13.820 5.00 6.91 6898.09 6910.14
20171201 0166956170 000501 红利差异税补扣东方财富 0.00 0.000 0.00 0.00 -2.00 1.00
20171206 0166956170 000501 证券卖出东方财富 500.00 14.050 5.00 7.03 7012.97 7013.97
20171207 0166956170 000501 红利差异税扣税东方财富 0.00 0.000 0.00 0.00 -0.80 0.20
20171207 0166956170 000501 证券买入歌尔股份 500.00 18.000 5.00 0.00 -9005.00 -9004.80
20171208 0166956170 000501 证券卖出歌尔股份 500.00 18.320 5.00 9.16 9145.84 9148.99
20171214 0166956170 000501 证券买入中国长城 1000.00 7.110 5.00 0.00 -7115.00 -7114.00
20171219 0166956170 000501 证券卖出高伟达 300.00 9.980 5.00 2.99 2986.01 2987.01
20171220 0166956170 000501 红利差异税扣税高伟达 0.00 0.000 0.00 0.00 -0.16 0.84
20171220 0166956170 000501 证券买入中国长城 1000.00 6.800 5.00 0.00 -6805.00 -6804.16
20171226 0166956170 000501 证券卖出高伟达 200.00 9.380 5.00 1.88 1869.12 1870.12
20171226 0166956170 000501 证券卖出中国长城 1000.00 6.500 5.00 6.50 6488.50 8358.62
20180102 A808998161 000501 证券卖出长城汽车 400.00 12.260 5.00 5.00 4894.00 4895.00
20180102 0166956170 000501 证券卖出中国长城 1000.00 7.210 5.00 7.21 7197.79 12092.79
20180111 0166956170 000501 证券卖出新联电子 1000.00 5.110 5.00 5.11 5099.89 5115.94
20180115 0166956170 000501 证券买入新联电子 500.00 5.000 5.00 0.00 -2505.00 -2504.00
20180117 0166956170 000501 证券卖出中国长城 1000.00 7.040 5.00 7.04 7027.96 7028.96
20180117 0166956170 000501 证券卖出蓝色光标 1000.00 5.920 5.00 5.92 5909.08 12938.04
20180119 0166956170 000501 红利差异税补扣蓝色光标 0.00 0.000 0.00 0.00 -6.52 1.00
20180131 A808998161 000501 证券买入新集能源 600.00 3.580 5.00 0.04 -2153.04 30447.96
20180131 A808998161 000501 证券买入葛洲坝 500.00 9.490 5.00 0.09 -4750.09 25697.87
20180131 0166956170 000501 证券买入新联电子 500.00 4.850 5.00 0.00 -2430.00 23267.87
20180201 A808998161 000501 证券买入三一重工 500.00 9.050 5.00 0.09 -4530.09 -4529.09
20180201 A808998161 000501 证券买入葛洲坝 500.00 9.210 5.00 0.09 -4610.09 -9139.18
20180201 0166956170 000501 证券买入新联电子 500.00 4.400 5.00 0.00 -2205.00 -11344.18
20180202 0166956170 000501 证券买入天虹股份 500.00 17.390 5.00 0.00 -8700.00 181.00
20180205 A808998161 000501 证券卖出中国银行 1000.00 4.750 5.00 4.85 4740.15 4741.15
20180205 A808998161 000501 证券买入中国卫星 200.00 22.000 5.00 0.09 -4405.09 336.06
20180205 A808998161 000501 证券买入鹿港文化 500.00 5.970 5.00 0.06 -2990.06 -2654.00
20180205 0166956170 000501 证券卖出天虹股份 400.00 19.173 5.00 7.67 7656.33 5002.33
20180205 0166956170 000501 证券买入数码科技 500.00 3.530 5.00 0.00 -1770.00 3232.33
20180205 0166956170 000501 证券买入数码科技 500.00 3.550 5.00 0.00 -1780.00 1452.33
20180205 0166956170 000501 证券买入益盛药业 500.00 7.930 5.00 0.00 -3970.00 -2517.67
20180206 0166956170 000501 证券买入歌尔股份 500.00 13.220 5.00 0.00 -6615.00 -1614.00
20180208 0166956170 000501 证券卖出星辉娱乐 200.00 5.490 5.00 1.10 1091.90 1120.52
20180209 A808998161 000501 证券买入三一重工 500.00 8.100 5.00 0.08 -4055.08 5945.92
20180209 A808998161 000501 证券买入中国卫星 100.00 19.050 5.00 0.04 -1910.04 4035.88
20180209 A808998161 000501 证券买入中国卫星 100.00 18.850 5.00 0.04 -1890.04 2145.84
20180209 0166956170 000501 证券买入歌尔股份 500.00 12.950 5.00 0.00 -6480.00 -4334.16
20180226 A808998161 000501 证券卖出葛洲坝 500.00 9.310 5.00 4.75 4645.25 4646.25
20180226 A808998161 000501 证券卖出三一重工 500.00 8.800 5.00 4.49 4390.51 9036.76
20180226 0166956170 000501 证券卖出歌尔股份 500.00 14.700 5.00 7.35 7337.65 16374.41
20180227 A808998161 000501 证券买入三一重工 500.00 8.600 5.00 0.09 -4305.09 -4304.09
20180227 0166956170 000501 证券卖出天虹股份 100.00 19.150 5.00 1.92 1908.08 -2396.01
20180228 A808998161 000501 证券买入三一重工 500.00 8.330 5.00 0.08 -4170.08 -4169.08
20180228 0166956170 000501 证券卖出星辉娱乐 300.00 5.420 5.00 1.63 1619.37 -2549.71
20180301 A808998161 000501 证券买入中国银行 1000.00 4.240 5.00 0.08 -4245.08 -4244.08
20180306 A808998161 000501 证券卖出鹿港文化 500.00 6.050 5.00 3.09 3016.91 3017.91
20180306 A808998161 000501 证券卖出三一重工 500.00 8.440 5.00 4.30 4210.70 7228.61
20180306 0166956170 000501 证券卖出益盛药业 500.00 8.120 5.00 4.06 4050.94 11279.55
20180306 0166956170 000501 证券卖出新联电子 500.00 4.530 5.00 2.27 2257.73 13537.28
20180306 0166956170 000501 证券卖出数码科技 1000.00 3.780 5.00 3.78 3771.22 17308.50
20180307 0166956170 000501 红利差异税扣税数码科技 0.00 0.000 0.00 0.00 -0.30 0.70
20180312 A808998161 000501 证券卖出中国卫星 200.00 22.110 5.00 4.51 4412.49 4417.68
20180313 A808998161 000501 证券卖出哈高科 500.00 5.710 5.00 2.92 2847.08 2848.08
20180314 A808998161 000501 证券买入三一重工 500.00 8.230 5.00 0.08 -4120.08 -4119.08
20180314 A808998161 000501 证券买入葛洲坝 500.00 9.220 5.00 0.09 -4615.09 -8734.17
20180314 0166956170 000501 证券买入广发证券 500.00 16.820 5.00 0.00 -8415.00 -17149.17
20180314 0166956170 000501 证券买入歌尔股份 500.00 15.530 5.00 0.00 -7770.00 -24919.17
20180314 0166956170 000501 证券买入蓝色光标 500.00 8.100 5.00 0.00 -4055.00 -28974.17
