20150618 A808998161 000501 股息入帐上海医药 0.00 0.000 0.00 0.00 413.25 414.25
20150713 A808998161 000501 红利扣税上海医药 0.00 0.000 0.00 0.00 -21.75 -30091.10
20150813 A808998161 000501 股息入帐中信证券 0.00 0.000 0.00 0.00 133.88 28070.37
20150831 A808998161 000501 红利扣税中信证券 0.00 0.000 0.00 0.00 -21.14 -41724.56
20160413 0166956170 000501 股息入帐世联行 0.00 0.000 0.00 0.00 4.00 -17677.43
20160413 0166956170 000501 红股入帐世联行 40.00 0.000 0.00 0.00 0.00 -17677.43
20160425 0166956170 000501 红利扣税世联行 0.00 0.000 0.00 0.00 -4.00 -1682.00
20160505 A808998161 000501 股息入帐伊利股份 0.00 0.000 0.00 0.00 45.00 4590.36
20160603 A808998161 000501 红利扣税伊利股份 0.00 0.000 0.00 0.00 -4.50 -23846.29
20160607 A808998161 000501 股息入帐鹿港科技 0.00 0.000 0.00 0.00 10.00 11.00
20160607 0166956170 000501 股息入帐航天发展 0.00 0.000 0.00 0.00 22.36 33.36
20160608 A808998161 000501 红股入帐DR鹿港科 100.00 0.000 0.00 0.00 0.00 47.87
20160614 0166956170 000501 股息入帐歌尔声学 0.00 0.000 0.00 0.00 10.00 11.00
20160627 0166956170 000501 股息入帐万马股份 0.00 0.000 0.00 0.00 50.00 -8399.00
20160628 0166956170 000501 股息入帐长城信息 0.00 0.000 0.00 0.00 25.00 24273.95
20160701 A808998161 000501 股息入帐哈高科 0.00 0.000 0.00 0.00 1.30 2.30
20160706 0166956170 000501 股息入帐格力电器 0.00 0.000 0.00 0.00 150.00 151.00
20160714 0166956170 000501 红利扣税万马股份 0.00 0.000 0.00 0.00 -2.00 26654.36
20160714 0166956170 000501 红利扣税万马股份 0.00 0.000 0.00 0.00 -6.00 26648.36
20160718 A808998161 000501 股息入帐上海医药 0.00 0.000 0.00 0.00 33.00 34.00
20160818 A808998161 000501 股息入帐中信证券 0.00 0.000 0.00 0.00 50.00 66.14
20161108 A808998161 000501 红利扣税鹿港文化 0.00 0.000 0.00 0.00 -1.00 0.00
20170217 0166956170 000501 红利扣税歌尔股份 0.00 0.000 0.00 0.00 -1.00 0.00
20170327 A808998161 000501 红利扣税上海医药 0.00 0.000 0.00 0.00 -3.30 -2818.00
20170417 0166956170 000501 红股入帐东方财富 300.00 0.000 0.00 0.00 0.00 1.00
20170417 0166956170 000501 股息入帐东方财富 0.00 0.000 0.00 0.00 60.00 61.00
20170508 A808998161 000501 股息入帐哈高科 0.00 0.000 0.00 0.00 1.50 2.50
20170510 0166956170 000501 股息入帐世联行 0.00 0.000 0.00 0.00 8.00 11.34
20170518 0166956170 000501 股息入帐星辉娱乐 0.00 0.000 0.00 0.00 60.00 71.34
20170601 0166956170 000501 股息入帐新联电子 0.00 0.000 0.00 0.00 11.00 82.34
20170609 0166956170 000501 股息入帐昆仑万维 0.00 0.000 0.00 0.00 52.50 134.99
20170614 A808998161 000501 股息入帐中国卫星 0.00 0.000 0.00 0.00 11.00 12.00
20170615 A808998161 000501 股息入帐鹿港文化 0.00 0.000 0.00 0.00 35.00 47.00
20170616 0166956170 000501 股息入帐航天发展 0.00 0.000 0.00 0.00 27.33 74.33
20170623 0166956170 000501 股息入帐蓝色光标 0.00 0.000 0.00 0.00 71.88 146.24
20170626 0166956170 000501 股息入帐数码视讯 0.00 0.000 0.00 0.00 18.00 164.24
20170712 0166956170 000501 股息入帐高伟达 0.00 0.000 0.00 0.00 3.20 22.52
20170714 0166956170 000501 股息入帐金运激光 0.00 0.000 0.00 0.00 1.20 23.72
20170817 A808998161 000501 股息入帐中信证券 0.00 0.000 0.00 0.00 35.00 36.52
20170830 0166956170 000501 红利扣税世联行 0.00 0.000 0.00 0.00 -0.80 6.65
20170830 0166956170 000501 红利扣税东方财富 0.00 0.000 0.00 0.00 -1.20 3671.77
20170830 0166956170 000501 红利扣税昆仑万维 0.00 0.000 0.00 0.00 -5.25 3666.52
20170901 0166956170 000501 红利扣税高伟达 0.00 0.000 0.00 0.00 -0.16 0.84
20170907 0166956170 000501 红利扣税蓝色光标 0.00 0.000 0.00 0.00 -0.65 35.91
20171106 0166956170 000501 红利扣税金运激光 0.00 0.000 0.00 0.00 -0.12 0.88
20171201 0166956170 000501 红利扣税东方财富 0.00 0.000 0.00 0.00 -2.00 1.00
20171207 0166956170 000501 红利扣税东方财富 0.00 0.000 0.00 0.00 -0.80 0.20
20171220 0166956170 000501 红利扣税高伟达 0.00 0.000 0.00 0.00 -0.16 0.84
20180119 0166956170 000501 红利扣税蓝色光标 0.00 0.000 0.00 0.00 -6.52 1.00
20180307 0166956170 000501 红利扣税数码科技 0.00 0.000 0.00 0.00 -0.30 0.70
