


深圳笋岗路证券营业部 客户对帐单
客户号:0119455248  姓名:刘志鹏   货币:人民币  日期:20170101-->20170630  牛卡级别::银卡
===================================================================================================================
发生日期  股东代码      银行代码   摘                   要       成交数 成交均价    手续费  印花税等    变动金额       资金余额
20170103 A808998161     000501     配号泛微配号(100004527112)      1.00    0.000      0.00      0.00        0.00           1.00
20170103 A808998161     000501     配号至纯配号(100005016871)      1.00    0.000      0.00      0.00        0.00           1.00
20170103 0166956170     000501     配号和胜股份(11255865)       16.00    0.000      0.00      0.00        0.00           1.00
20170104 A808998161     000501     配号华立配号(100007043750)      1.00    0.000      0.00      0.00        0.00           1.00
20170104 0166956170     000501     证券买入*ST钒钛             500.00    2.390      5.00      0.00    -1200.00       -1199.00
20170104 0166956170     000501     配号新雷能  (12940541)       16.00    0.000      0.00      0.00        0.00       -1199.00
20170104 0166956170     000501     配号江龙船艇(10725687)       16.00    0.000      0.00      0.00        0.00       -1199.00
20170104 980521524436     000501     保证金产品赎回天添利       1200.00    1.000      0.00      0.00     1200.00       -1199.00
20170104 980521524436     000501     赎回到帐天添利                0.00    0.000      0.00      0.00     1200.00           1.00
20170105 A808998161     000501     配号荣晟配号(100002353841)      1.00    0.000      0.00      0.00        0.00           1.00
20170105 A808998161     000501     配号天马配号(100002928766)      1.00    0.000      0.00      0.00        0.00           1.00
20170105 0166956170     000501     证券卖出数码视讯            200.00    7.350      5.00      1.47     1463.53        1464.53
20170105 0166956170     000501     配号翔鹭钨业(9250789)        17.00    0.000      0.00      0.00        0.00        1464.53
20170105 980521524436     000501     保证金产品申购天添利       1463.53    1.000      0.00      0.00    -1463.53           1.00
20170106 A808998161     000501     配号科传配号(100047622192)      1.00    0.000      0.00      0.00        0.00           1.00
20170106 0166956170     000501     配号欧普康视(69863910)       17.00    0.000      0.00      0.00        0.00           1.00
20170106 0166956170     000501     配号利安隆  (56732447)       17.00    0.000      0.00      0.00        0.00           1.00
20170109 A808998161     000501     配号杰克配号(100005878195)      1.00    0.000      0.00      0.00        0.00           1.00
20170109 980521524436     000501     股息入帐天添利                0.00    0.000      0.00      0.00        8.81           9.81
20170109 0166956170     000501     配号华凯创意(10372892)       17.00    0.000      0.00      0.00        0.00           9.81
20170109 0166956170     000501     配号视源股份(12026252)       17.00    0.000      0.00      0.00        0.00           9.81
20170110                000501     保证金产品快速取款            0.00    0.000      0.00      0.00     5000.00        5009.81
20170110                000501     银行转取                      0.00    0.000      0.00      0.00    -5000.00           9.81
20170110 A808998161     000501     配号艾迪配号(100006288491)      1.00    0.000      0.00      0.00        0.00           9.81
20170110 A808998161     000501     配号凯众配号(100006875706)      1.00    0.000      0.00      0.00        0.00           9.81
20170110 0166956170     000501     配号泰嘉股份(15382597)       17.00    0.000      0.00      0.00        0.00           9.81
20170110 980521524436     000501     保证金份额转让划出天添利   5000.00    1.000      0.00      0.00        0.00           9.81
20170112 A808998161     000501     配号集友配号(100019851906)      1.00    0.000      0.00      0.00        0.00           9.81
20170112 0166956170     000501     配号吉大通信(49878824)       17.00    0.000      0.00      0.00        0.00           9.81
20170112 0166956170     000501     配号张家港行(78433142)       17.00    0.000      0.00      0.00        0.00           9.81
20170113                000501     银行转存                      0.00    0.000      0.00      0.00     4900.00        4909.81
20170113 A808998161     000501     配号法兰配号(100008413702)      1.00    0.000      0.00      0.00        0.00        4909.81
20170113 A808998161     000501     配号华达配号(100008416939)      1.00    0.000      0.00      0.00        0.00        4909.81
20170113 0166956170     000501     证券买入东方财富            100.00   16.450      5.00      0.00    -1650.00        3259.81
20170113 0166956170     000501     配号同兴达  (15953417)       17.00    0.000      0.00      0.00        0.00        3259.81
20170113 980521524436     000501     保证金产品申购天添利       3258.81    1.000      0.00      0.00    -3258.81           1.00
20170116 A808998161     000501     配号正裕配号(100020383943)      1.00    0.000      0.00      0.00        0.00           1.00
20170116 0166956170     000501     配号会畅通讯(63737066)       17.00    0.000      0.00      0.00        0.00           1.00
20170116 0166956170     000501     配号瑞特股份(44704020)       17.00    0.000      0.00      0.00        0.00           1.00
20170117 A808998161     000501     配号数据配号(100009869908)      1.00    0.000      0.00      0.00        0.00           1.00
20170117 0166956170     000501     配号立昂技术(14013092)       17.00    0.000      0.00      0.00        0.00           1.00
20170117 0166956170     000501     配号飞荣达  (14109565)       17.00    0.000      0.00      0.00        0.00           1.00
20170117 0166956170     000501     托管转出长城信息            500.00    0.000      0.00      0.00        0.00           1.00
20170117 0166956170     000501     托管转入长城电脑            922.00    0.000      0.00      0.00        0.00           1.00
20170118 A808998161     000501     配号百傲配号(100005196628)      1.00    0.000      0.00      0.00        0.00           1.00
20170118 A808998161     000501     配号奇精配号(100006400041)      1.00    0.000      0.00      0.00        0.00           1.00
20170118 0166956170     000501     配号金太阳  (8617445)        16.00    0.000      0.00      0.00        0.00           1.00
20170119 A808998161     000501     配号德创配号(100011416460)      1.00    0.000      0.00      0.00        0.00           1.00
20170119 0166956170     000501     配号英联股份(21435647)       17.00    0.000      0.00      0.00        0.00           1.00
20170119 0166956170     000501     配号盐津铺子(21275705)       17.00    0.000      0.00      0.00        0.00           1.00
20170120 A808998161     000501     配号镇海配号(100006634614)      1.00    0.000      0.00      0.00        0.00           1.00
20170120 0166956170     000501     配号恒锋信息(12035969)       16.00    0.000      0.00      0.00        0.00           1.00
20170120 0166956170     000501     配号康泰生物(16219568)       17.00    0.000      0.00      0.00        0.00           1.00
20170123 A808998161     000501     配号坐标配号(100006033946)      1.00    0.000      0.00      0.00        0.00           1.00
===================================================================================================================
page 1


深圳笋岗路证券营业部 客户对帐单
客户号:0119455248  姓名:刘志鹏   货币:人民币  日期:20170101-->20170630  牛卡级别::银卡
===================================================================================================================
发生日期  股东代码      银行代码   摘                   要       成交数 成交均价    手续费  印花税等    变动金额       资金余额
20170123 A808998161     000501     配号科森配号(100007090176)      1.00    0.000      0.00      0.00        0.00           1.00
20170123 0166956170     000501     证券买入蓝色光标            500.00    9.550      5.00      0.00    -4780.00       -4779.00
20170123 0166956170     000501     配号拓斯达  (15094640)       17.00    0.000      0.00      0.00        0.00       -4779.00
20170123 980521524436     000501     保证金产品赎回天添利       4780.00    1.000      0.00      0.00     4780.00       -4779.00
20170123 980521524436     000501     赎回到帐天添利                0.00    0.000      0.00      0.00     4780.00           1.00
20170124 A808998161     000501     配号欧派配号(100001070997)      1.00    0.000      0.00      0.00        0.00           1.00
20170124 A808998161     000501     配号安正配号(100002329220)      1.00    0.000      0.00      0.00        0.00           1.00
20170124 0166956170     000501     配号思特奇  (8787079)        17.00    0.000      0.00      0.00        0.00           1.00
20170125 A808998161     000501     配号天洋配号(100048560445)      1.00    0.000      0.00      0.00        0.00           1.00
20170125 A808998161     000501     配号茶花配号(100061524562)      1.00    0.000      0.00      0.00        0.00           1.00
20170125 0166956170     000501     配号晨化股份(78445388)       17.00    0.000      0.00      0.00        0.00           1.00
20170126 0166956170     000501     配号高斯贝尔(25955963)       17.00    0.000      0.00      0.00        0.00           1.00
20170126 0166956170     000501     配号汇纳科技(16737923)       17.00    0.000      0.00      0.00        0.00           1.00
20170203 A808998161     000501     配号白银配号(100009847827)      1.00    0.000      0.00      0.00        0.00           1.00
20170203 0166956170     000501     配号欣天科技(11436084)       17.00    0.000      0.00      0.00        0.00           1.00
20170203 0166956170     000501     配号宣亚国际(10919748)       17.00    0.000      0.00      0.00        0.00           1.00
20170207 A808998161     000501     配号博天配号(100036458777)      1.00    0.000      0.00      0.00        0.00           1.00
20170207 0166956170     000501     配号威星智能(66660219)       16.00    0.000      0.00      0.00        0.00           1.00
20170208 A808998161     000501     配号海峡配号(100072316775)      1.00    0.000      0.00      0.00        0.00           1.00
20170208 980521524436     000501     股息入帐天添利                0.00    0.000      0.00      0.00        4.20           5.20
20170208 0166956170     000501     配号富瀚微  (85973533)       17.00    0.000      0.00      0.00        0.00           5.20
20170209 A808998161     000501     配号建工配号(100009248980)      1.00    0.000      0.00      0.00        0.00           5.20
20170209 0166956170     000501     配号美力科技(8842592)        17.00    0.000      0.00      0.00        0.00           5.20
20170210 A808998161     000501     配号诺邦配号(100035881292)      1.00    0.000      0.00      0.00        0.00           5.20
20170210 A808998161     000501     配号安井配号(100047701160)      1.00    0.000      0.00      0.00        0.00           5.20
20170215 0166956170     000501     配号金银河  (13419815)       17.00    0.000      0.00      0.00        0.00           5.20
20170215 0166956170     000501     配号安靠智电(12761211)       17.00    0.000      0.00      0.00        0.00           5.20
20170216 0166956170     000501     证券卖出歌尔股份            200.00   30.000      5.00      6.00     5989.00        5994.20
20170216 980521524436     000501     保证金产品申购天添利       5993.20    1.000      0.00      0.00    -5993.20           1.00
20170217 0166956170     000501     红利差异税扣税歌尔股份        0.00    0.000      0.00      0.00       -1.00           0.00
20170217 980521524436     000501     保证金产品赎回天添利          1.00    1.000      0.00      0.00        1.00           0.00
20170217 980521524436     000501     赎回到帐天添利                0.00    0.000      0.00      0.00        1.00           1.00
20170221 0166956170     000501     证券卖出长城电脑            422.00   10.100      5.00      4.26     4252.94        4253.94
20170221 0166956170     000501     配号科达利  (30055265)       17.00    0.000      0.00      0.00        0.00        4253.94
20170221 980521524436     000501     保证金产品申购天添利       4252.94    1.000      0.00      0.00    -4252.94           1.00
20170222 A808998161     000501     配号三星配号(100022629980)      1.00    0.000      0.00      0.00        0.00           1.00
20170222 A808998161     000501     配号海量配号(100022810159)      1.00    0.000      0.00      0.00        0.00           1.00
20170222 0166956170     000501     证券买入高伟达              400.00   14.680      5.00      0.00    -5877.00       -5876.00
20170222 0166956170     000501     配号麦格米特(84479209)       17.00    0.000      0.00      0.00        0.00       -5876.00
20170222 980521524436     000501     保证金产品赎回天添利       5877.00    1.000      0.00      0.00     5877.00       -5876.00
20170222 980521524436     000501     赎回到帐天添利                0.00    0.000      0.00      0.00     5877.00           1.00
20170223 A808998161     000501     配号牧高配号(100012424022)      1.00    0.000      0.00      0.00        0.00           1.00
20170223 0166956170     000501     证券买入高伟达              300.00   14.480      5.00      0.00    -4349.00       -4348.00
20170223 0166956170     000501     证券卖出高伟达              300.00   14.670      5.00      4.40     4391.60          43.60
20170223 0166956170     000501     配号尚品宅配(20229174)       17.00    0.000      0.00      0.00        0.00          43.60
20170223 0166956170     000501     配号寒锐钴业(22639949)       17.00    0.000      0.00      0.00        0.00          43.60
20170224 A808998161     000501     配号至正配号(100011403467)      1.00    0.000      0.00      0.00        0.00          43.60
20170224 0166956170     000501     证券买入金运激光            200.00   28.000      5.00      0.00    -5605.00       -5561.40
20170224 0166956170     000501     证券卖出蓝色光标            300.00   10.170      5.00      3.05     3042.95       -2518.45
20170224 0166956170     000501     证券卖出星辉娱乐            200.00   10.200      5.00      2.04     2032.96        -485.49
20170224 0166956170     000501     配号皮阿诺  (26384399)       17.00    0.000      0.00      0.00        0.00        -485.49
20170224 980521524436     000501     保证金产品赎回天添利        486.49    1.000      0.00      0.00      486.49        -485.49
20170224 980521524436     000501     赎回到帐天添利                0.00    0.000      0.00      0.00      486.49           1.00
20170227 0166956170     000501     证券卖出金运激光            200.00   29.000      5.00      5.80     5789.20        5790.20
===================================================================================================================
page 2


深圳笋岗路证券营业部 客户对帐单
客户号:0119455248  姓名:刘志鹏   货币:人民币  日期:20170101-->20170630  牛卡级别::银卡
===================================================================================================================
发生日期  股东代码      银行代码   摘                   要       成交数 成交均价    手续费  印花税等    变动金额       资金余额
20170227 0166956170     000501     证券买入昆仑万维            200.00   22.900      5.00      0.00    -4585.00        1205.20
20170227 980521524436     000501     保证金产品申购天添利       1204.20    1.000      0.00      0.00    -1204.20           1.00
20170228 A808998161     000501     配号大千配号(100003321550)      1.00    0.000      0.00      0.00        0.00           1.00
20170228 0166956170     000501     配号道道全  (11440972)       17.00    0.000      0.00      0.00        0.00           1.00
20170301 A808998161     000501     配号康隆配号(100005928822)      1.00    0.000      0.00      0.00        0.00           1.00
20170301 A808998161     000501     配号拉芳配号(100007510865)      1.00    0.000      0.00      0.00        0.00           1.00
20170301 0166956170     000501     证券卖出高伟达              400.00   15.350      5.00      6.14     6128.86        6129.86
20170301 0166956170     000501     证券买入金运激光            200.00   27.720      5.00      0.00    -5549.00         580.86
20170301 0166956170     000501     配号光库科技(11985571)       17.00    0.000      0.00      0.00        0.00         580.86
20170301 980521524436     000501     保证金产品申购天添利        579.86    1.000      0.00      0.00     -579.86           1.00
20170302 A808998161     000501     配号中持配号(100006826213)      1.00    0.000      0.00      0.00        0.00           1.00
20170302 A808998161     000501     配号克来配号(100009762053)      1.00    0.000      0.00      0.00        0.00           1.00
20170302 0166956170     000501     证券卖出*ST钒钛             900.00    2.610      5.00      2.35     2341.65        2342.65
20170302 0166956170     000501     配号博士眼镜(12960934)       16.00    0.000      0.00      0.00        0.00        2342.65
20170302 980521524436     000501     保证金产品申购天添利       2341.65    1.000      0.00      0.00    -2341.65           1.00
20170303 A808998161     000501     配号诚意配号(100014900240)      1.00    0.000      0.00      0.00        0.00           1.00
20170303 0166956170     000501     证券买入昆仑万维            100.00   21.550      5.00      0.00    -2160.00       -2159.00
20170303 0166956170     000501     配号捷捷微电(31315845)       17.00    0.000      0.00      0.00        0.00       -2159.00
20170303 0166956170     000501     配号维业股份(42215489)       17.00    0.000      0.00      0.00        0.00       -2159.00
20170303 980521524436     000501     保证金产品赎回天添利       2160.00    1.000      0.00      0.00     2160.00       -2159.00
20170303 980521524436     000501     赎回到帐天添利                0.00    0.000      0.00      0.00     2160.00           1.00
20170306 0166956170     000501     证券卖出金运激光            200.00   28.520      5.00      5.70     5693.30        5694.30
20170306 0166956170     000501     配号亿联网络(22046574)       17.00    0.000      0.00      0.00        0.00        5694.30
20170306 980521524436     000501     保证金产品申购天添利       5693.30    1.000      0.00      0.00    -5693.30           1.00
20170307 A808998161     000501     配号绝味配号(100005524224)      1.00    0.000      0.00      0.00        0.00           1.00
20170307 A808998161     000501     配号新泉配号(100005581248)      1.00    0.000      0.00      0.00        0.00           1.00
20170307 0166956170     000501     证券卖出昆仑万维            100.00   22.410      5.00      2.24     2233.76        2234.76
20170307 0166956170     000501     配号三雄极光(19170657)       17.00    0.000      0.00      0.00        0.00        2234.76
20170307 980521524436     000501     保证金产品申购天添利       2233.76    1.000      0.00      0.00    -2233.76           1.00
20170308 A808998161     000501     配号碳元配号(100039750016)      1.00    0.000      0.00      0.00        0.00           1.00
20170308 0166956170     000501     证券买入光力科技            200.00   26.100      5.00      0.00    -5225.00       -5224.00
20170308 0166956170     000501     证券买入金运激光            200.00   28.500      5.00      0.00    -5705.00      -10929.00
20170308 980521524436     000501     股息入帐天添利                0.00    0.000      0.00      0.00        5.33      -10923.67
20170308 0166956170     000501     配号捷荣技术(103788983)      17.00    0.000      0.00      0.00        0.00      -10923.67
20170308 0166956170     000501     配号美芝股份(64676755)       17.00    0.000      0.00      0.00        0.00      -10923.67
20170308 980521524436     000501     保证金产品赎回天添利      10930.00    1.000      0.00      0.00    10930.00      -10923.67
20170308 980521524436     000501     赎回到帐天添利                0.00    0.000      0.00      0.00    10930.00           6.33
20170309 A808998161     000501     配号泰禾配号(100058525141)      1.00    0.000      0.00      0.00        0.00           6.33
20170309 0166956170     000501     证券买入高伟达              100.00   15.050      5.00      0.00    -1510.00       -1503.67
20170309 0166956170     000501     证券买入光力科技            100.00   25.350      5.00      0.00    -2540.00       -4043.67
20170309 0166956170     000501     配号华瑞股份(87280259)       17.00    0.000      0.00      0.00        0.00       -4043.67
20170309 980521524436     000501     保证金产品赎回天添利       4044.67    1.000      0.00      0.00     4044.67       -4043.67
20170309 980521524436     000501     赎回到帐天添利                0.00    0.000      0.00      0.00     4044.67           1.00
20170310 0166956170     000501     配号华测导航(21455180)       17.00    0.000      0.00      0.00        0.00           1.00
20170310 0166956170     000501     配号三晖电气(33674354)       17.00    0.000      0.00      0.00        0.00           1.00
20170313 0166956170     000501     配号新劲刚  (25616898)       17.00    0.000      0.00      0.00        0.00           1.00
20170313 0166956170     000501     配号久吾高科(24953121)       17.00    0.000      0.00      0.00        0.00           1.00
20170314 A808998161     000501     配号元成配号(100015065721)      1.00    0.000      0.00      0.00        0.00           1.00
20170314 A808998161     000501     配号常青配号(100021634682)      1.00    0.000      0.00      0.00        0.00           1.00
20170314 0166956170     000501     配号普利制药(35341639)       17.00    0.000      0.00      0.00        0.00           1.00
20170315 A808998161     000501     配号天域配号(100016324817)      1.00    0.000      0.00      0.00        0.00           1.00
20170315 0166956170     000501     配号力盛赛车(38077181)       17.00    0.000      0.00      0.00        0.00           1.00
20170315 0166956170     000501     配号快意电梯(54179604)       17.00    0.000      0.00      0.00        0.00           1.00
20170316 A808998161     000501     配号欧派配号(100006757338)      1.00    0.000      0.00      0.00        0.00           1.00
===================================================================================================================
page 3


深圳笋岗路证券营业部 客户对帐单
客户号:0119455248  姓名:刘志鹏   货币:人民币  日期:20170101-->20170630  牛卡级别::银卡
===================================================================================================================
发生日期  股东代码      银行代码   摘                   要       成交数 成交均价    手续费  印花税等    变动金额       资金余额
20170316 A808998161     000501     配号圣龙配号(100008955814)      1.00    0.000      0.00      0.00        0.00           1.00
20170316 0166956170     000501     配售中签快意电梯            500.00    6.100      0.00      0.00        0.00           1.00
20170317                000501     银行转存                      0.00    0.000      0.00      0.00     3000.00        3001.00
20170317 0166956170     000501     IPO市值配售扣款快意电梯       0.00    0.000      0.00      0.00    -3050.00         -49.00
20170317 A808998161     000501     配号广港配号(100032797030)      1.00    0.000      0.00      0.00        0.00         -49.00
20170317 980521524436     000501     保证金产品赎回天添利         50.00    1.000      0.00      0.00       50.00         -49.00
20170317 980521524436     000501     赎回到帐天添利                0.00    0.000      0.00      0.00       50.00           1.00
20170320                000501     批量利息归本                  0.00    0.000      0.00      0.00        0.01           1.01
20170320 A808998161     000501     配号美思配号(100012860285)      1.00    0.000      0.00      0.00        0.00           1.01
20170320 A808998161     000501     配号得邦配号(100019976413)      1.00    0.000      0.00      0.00        0.00           1.01
20170320 0166956170     000501     配售认购快意电梯            500.00    6.100      0.00      0.00        0.00           1.01
20170321 0166956170     000501     证券卖出格力电器            100.00   29.930      5.00      2.99     2985.01        2986.02
20170321 0166956170     000501     证券买入高伟达              200.00   14.680      5.00      0.00    -2941.00          45.02
20170321 0166956170     000501     证券卖出歌尔股份            100.00   32.990      5.00      3.30     3290.70        3335.72
20170321 0166956170     000501     配号同和药业(15093698)       17.00    0.000      0.00      0.00        0.00        3335.72
20170321 0166956170     000501     余额更新快意电梯              0.00    0.000      0.00      0.00        0.00        3335.72
20170321 980521524436     000501     保证金产品申购天添利       3334.72    1.000      0.00      0.00    -3334.72           1.00
20170322 A808998161     000501     配号惠达配号(100017521568)      1.00    0.000      0.00      0.00        0.00           1.00
20170322 0166956170     000501     配号洁美科技(25270721)       17.00    0.000      0.00      0.00        0.00           1.00
20170323                000501     保证金产品快速取款            0.00    0.000      0.00      0.00     3000.00        3001.00
20170323                000501     银行转取                      0.00    0.000      0.00      0.00    -3000.00           1.00
20170323 A808998161     000501     配号龙蟠配号(100012153375)      1.00    0.000      0.00      0.00        0.00           1.00
20170323 A808998161     000501     配号金麒配号(100012496582)      1.00    0.000      0.00      0.00        0.00           1.00
20170323 A808998161     000501     证券卖出上海医药            100.00   23.240      5.00      2.37     2316.63        2317.63
20170323 0166956170     000501     证券卖出光力科技            300.00   26.700      5.00      8.01     7996.99       10314.62
20170323 0166956170     000501     配号达安股份(15574900)       16.00    0.000      0.00      0.00        0.00       10314.62
20170323 980521524436     000501     保证金份额转让划出天添利   3000.00    1.000      0.00      0.00        0.00       10314.62
20170323 980521524436     000501     保证金产品申购天添利      10313.62    1.000      0.00      0.00   -10313.62           1.00
20170324 A808998161     000501     配号美诺配号(100010949841)      1.00    0.000      0.00      0.00        0.00           1.00
20170324 0166956170     000501     配号光莆股份(22567126)       18.00    0.000      0.00      0.00        0.00           1.00
20170324 0166956170     000501     配号开立医疗(22397933)       18.00    0.000      0.00      0.00        0.00           1.00
20170324 980521524436     000501     保证金产品赎回天添利          3.30    1.000      0.00      0.00        3.30           1.00
20170324 980521524436     000501     赎回到帐天添利                0.00    0.000      0.00      0.00        3.30           4.30
20170327 A808998161     000501     配号江化配号(100011108196)      1.00    0.000      0.00      0.00        0.00           4.30
20170327 0166956170     000501     证券买入蓝色光标            300.00    9.380      5.00      0.00    -2819.00       -2814.70
20170327 A808998161     000501     红利差异税补扣上海医药        0.00    0.000      0.00      0.00       -3.30       -2818.00
20170327 0166956170     000501     配号广和通  (27857845)       17.00    0.000      0.00      0.00        0.00       -2818.00
20170327 980521524436     000501     保证金产品赎回天添利       2819.00    1.000      0.00      0.00     2819.00       -2818.00
20170327 980521524436     000501     赎回到帐天添利                0.00    0.000      0.00      0.00     2819.00           1.00
20170329 A808998161     000501     配号利群配号(100030636803)      1.00    0.000      0.00      0.00        0.00           1.00
20170329 0166956170     000501     配号实丰文化(50326647)       17.00    0.000      0.00      0.00        0.00           1.00
20170329 0166956170     000501     配号星帅尔  (28913295)       15.00    0.000      0.00      0.00        0.00           1.00
20170330 A808998161     000501     配号联泰配号(100009560269)      1.00    0.000      0.00      0.00        0.00           1.00
20170330 0166956170     000501     证券买入昆仑万维            100.00   21.000      5.00      0.00    -2105.00       -2104.00
20170330 0166956170     000501     证券买入蓝色光标            500.00    9.100      5.00      0.00    -4555.00       -6659.00
20170330 0166956170     000501     配号扬帆新材(15661518)       17.00    0.000      0.00      0.00        0.00       -6659.00
20170330 0166956170     000501     配号凯普生物(11454100)       15.00    0.000      0.00      0.00        0.00       -6659.00
20170330 980521524436     000501     保证金产品赎回天添利       6660.00    1.000      0.00      0.00     6660.00       -6659.00
20170330 980521524436     000501     赎回到帐天添利                0.00    0.000      0.00      0.00     6660.00           1.00
20170331 A808998161     000501     配号科林配号(100006244989)      1.00    0.000      0.00      0.00        0.00           1.00
20170331 A808998161     000501     配号坤彩配号(100009905958)      1.00    0.000      0.00      0.00        0.00           1.00
20170331 0166956170     000501     配号瀛通通讯(15974338)       17.00    0.000      0.00      0.00        0.00           1.00
20170405 0166956170     000501     配号长川科技(29626338)       18.00    0.000      0.00      0.00        0.00           1.00
20170405 0166956170     000501     配号德艺文创(30125904)       18.00    0.000      0.00      0.00        0.00           1.00
===================================================================================================================
page 4


深圳笋岗路证券营业部 客户对帐单
客户号:0119455248  姓名:刘志鹏   货币:人民币  日期:20170101-->20170630  牛卡级别::银卡
===================================================================================================================
发生日期  股东代码      银行代码   摘                   要       成交数 成交均价    手续费  印花税等    变动金额       资金余额
20170406 0166956170     000501     配号今飞凯达(69025712)       18.00    0.000      0.00      0.00        0.00           1.00
20170406 0166956170     000501     配号正丹股份(70650122)       18.00    0.000      0.00      0.00        0.00           1.00
20170407 A808998161     000501     配号瑞斯配号(100097108130)      1.00    0.000      0.00      0.00        0.00           1.00
20170407 A808998161     000501     配号新凤配号(100116676200)      1.00    0.000      0.00      0.00        0.00           1.00
20170407 980521524436     000501     股息入帐天添利                0.00    0.000      0.00      0.00        4.33           5.33
20170410 A808998161     000501     配号康惠配号(100005503052)      1.00    0.000      0.00      0.00        0.00           5.33
20170410 A808998161     000501     配号大丰配号(100007397234)      1.00    0.000      0.00      0.00        0.00           5.33
20170410 0166956170     000501     证券买入蓝色光标            100.00    8.910      5.00      0.00     -896.00        -890.67
20170410 0166956170     000501     证券卖出*ST钒钛             100.00    2.710      5.00      0.27      265.73        -624.94
20170410 980521524436     000501     保证金产品赎回天添利        625.94    1.000      0.00      0.00      625.94        -624.94
20170410 980521524436     000501     赎回到帐天添利                0.00    0.000      0.00      0.00      625.94           1.00
20170411 A808998161     000501     配号格尔配号(100026064370)      1.00    0.000      0.00      0.00        0.00           1.00
20170411 0166956170     000501     配号三超新材(49312751)       18.00    0.000      0.00      0.00        0.00           1.00
20170412 0166956170     000501     配号正元智慧(13778457)       18.00    0.000      0.00      0.00        0.00           1.00
20170412 0166956170     000501     配号透景生命(13144595)       18.00    0.000      0.00      0.00        0.00           1.00
20170413 0166956170     000501     配号星云股份(26776117)       18.00    0.000      0.00      0.00        0.00           1.00
20170414 A808998161     000501     配号经典配号(100016671999)      1.00    0.000      0.00      0.00        0.00           1.00
20170414 A808998161     000501     配号世运配号(100023207889)      1.00    0.000      0.00      0.00        0.00           1.00
20170414 0166956170     000501     配号钧达股份(37777724)       18.00    0.000      0.00      0.00        0.00           1.00
20170417 A808998161     000501     配号新日配号(100006822170)      1.00    0.000      0.00      0.00        0.00           1.00
20170417 0166956170     000501     配号友讯达  (10536481)       18.00    0.000      0.00      0.00        0.00           1.00
20170417 0166956170     000501     配号传艺科技(15019876)       18.00    0.000      0.00      0.00        0.00           1.00
20170417 0166956170     000501     红股入帐东方财富            300.00    0.000      0.00      0.00        0.00           1.00
20170417 0166956170     000501     股息入帐东方财富              0.00    0.000      0.00      0.00       60.00          61.00
20170418 0166956170     000501     配号周大生  (121114349)      18.00    0.000      0.00      0.00        0.00          61.00
20170419 A808998161     000501     配号迪贝配号(100005534679)      1.00    0.000      0.00      0.00        0.00          61.00
20170420 A808998161     000501     配号金石配号(100029092523)      1.00    0.000      0.00      0.00        0.00          61.00
20170420 0166956170     000501     配号超频三  (41758151)       18.00    0.000      0.00      0.00        0.00          61.00
20170420 0166956170     000501     配号绿康生化(48315008)       18.00    0.000      0.00      0.00        0.00          61.00
20170421 A808998161     000501     配号韦尔配号(100010811330)      1.00    0.000      0.00      0.00        0.00          61.00
20170421 0166956170     000501     配号万通智控(29835653)       18.00    0.000      0.00      0.00        0.00          61.00
20170421 0166956170     000501     配号太龙照明(25822147)       18.00    0.000      0.00      0.00        0.00          61.00
20170424 A808998161     000501     配号恒润配号(100024926631)      1.00    0.000      0.00      0.00        0.00          61.00
20170424 0166956170     000501     配号金陵体育(49828699)       18.00    0.000      0.00      0.00        0.00          61.00
20170424 0166956170     000501     配号杭州园林(46380026)       18.00    0.000      0.00      0.00        0.00          61.00
20170426 A808998161     000501     配号奥翔配号(100022570187)      1.00    0.000      0.00      0.00        0.00          61.00
20170426 A808998161     000501     配号鸣志配号(100030530531)      1.00    0.000      0.00      0.00        0.00          61.00
20170427 A808998161     000501     配号铁流配号(100014454941)      1.00    0.000      0.00      0.00        0.00          61.00
20170427 A808998161     000501     配号寿仙配号(100015183999)      1.00    0.000      0.00      0.00        0.00          61.00
20170428 A808998161     000501     配号先达配号(100086480298)      1.00    0.000      0.00      0.00        0.00          61.00
20170428 A808998161     000501     配号金能配号(100092201008)      1.00    0.000      0.00      0.00        0.00          61.00
20170502 A808998161     000501     配号金牌配号(100064522336)      1.00    0.000      0.00      0.00        0.00          61.00
20170502 0166956170     000501     证券买入数码视讯            100.00    6.160      5.00      0.00     -621.00        -560.00
20170502 0166956170     000501     配号金溢科技(118274320)      18.00    0.000      0.00      0.00        0.00        -560.00
20170502 0166956170     000501     配号伟隆股份(146460396)      18.00    0.000      0.00      0.00        0.00        -560.00
20170502 980521524436     000501     保证金产品赎回天添利        561.00    1.000      0.00      0.00      561.00        -560.00
20170502 980521524436     000501     赎回到帐天添利                0.00    0.000      0.00      0.00      561.00           1.00
20170503 A808998161     000501     配号苏垦配号(100059744792)      1.00    0.000      0.00      0.00        0.00           1.00
20170503 0166956170     000501     配号正海生物(75358650)       18.00    0.000      0.00      0.00        0.00           1.00
20170504 A808998161     000501     配号展鹏配号(100076065841)      1.00    0.000      0.00      0.00        0.00           1.00
20170504 0166956170     000501     配号香山股份(124422212)      18.00    0.000      0.00      0.00        0.00           1.00
20170505 A808998161     000501     配号海鸥配号(100020537202)      1.00    0.000      0.00      0.00        0.00           1.00
20170505 A808998161     000501     配号秦安配号(100029893279)      1.00    0.000      0.00      0.00        0.00           1.00
20170505 0166956170     000501     配号雷迪克  (39314493)       17.00    0.000      0.00      0.00        0.00           1.00
===================================================================================================================
page 5


深圳笋岗路证券营业部 客户对帐单
客户号:0119455248  姓名:刘志鹏   货币:人民币  日期:20170101-->20170630  牛卡级别::银卡
===================================================================================================================
发生日期  股东代码      银行代码   摘                   要       成交数 成交均价    手续费  印花税等    变动金额       资金余额
20170508 A808998161     000501     股息入帐哈高科                0.00    0.000      0.00      0.00        1.50           2.50
20170508 0166956170     000501     配号新天药业(31848771)       18.00    0.000      0.00      0.00        0.00           2.50
20170509 A808998161     000501     配号保隆配号(100016482573)      1.00    0.000      0.00      0.00        0.00           2.50
20170509 980521524436     000501     股息入帐天添利                0.00    0.000      0.00      0.00        0.84           3.34
20170509 0166956170     000501     配号民德电子(40129313)       18.00    0.000      0.00      0.00        0.00           3.34
20170510 A808998161     000501     配号顶点配号(100023185826)      1.00    0.000      0.00      0.00        0.00           3.34
20170510 0166956170     000501     配号天圣制药(91351692)       18.00    0.000      0.00      0.00        0.00           3.34
20170510 0166956170     000501     股息入帐世联行                0.00    0.000      0.00      0.00        8.00          11.34
20170511 0166956170     000501     配号晶瑞股份(8665461)        16.00    0.000      0.00      0.00        0.00          11.34
20170512 0166956170     000501     配号弘信电子(16544823)       18.00    0.000      0.00      0.00        0.00          11.34
20170516 0166956170     000501     配号三利谱  (23526785)       17.00    0.000      0.00      0.00        0.00          11.34
20170517 0166956170     000501     配号中孚信息(22171416)       16.00    0.000      0.00      0.00        0.00          11.34
20170517 0166956170     000501     配号延江股份(25612742)       17.00    0.000      0.00      0.00        0.00          11.34
20170518 0166956170     000501     配号安奈儿  (19698567)       17.00    0.000      0.00      0.00        0.00          11.34
20170518 0166956170     000501     股息入帐星辉娱乐              0.00    0.000      0.00      0.00       60.00          71.34
20170519 0166956170     000501     配号江苏雷利(46938354)       17.00    0.000      0.00      0.00        0.00          71.34
20170519 0166956170     000501     配号元隆雅图(75656507)       17.00    0.000      0.00      0.00        0.00          71.34
20170522 0166956170     000501     配号圣邦股份(37469499)       17.00    0.000      0.00      0.00        0.00          71.34
20170523 0166956170     000501     配号智能自控(14940064)       17.00    0.000      0.00      0.00        0.00          71.34
20170525 0166956170     000501     配号科蓝软件(14042141)       17.00    0.000      0.00      0.00        0.00          71.34
20170525 0166956170     000501     配号科锐国际(16936924)       17.00    0.000      0.00      0.00        0.00          71.34
20170531 0166956170     000501     配号飞鹿股份(52050355)       17.00    0.000      0.00      0.00        0.00          71.34
20170601 0166956170     000501     配号长缆科技(107320216)      17.00    0.000      0.00      0.00        0.00          71.34
20170601 0166956170     000501     股息入帐新联电子              0.00    0.000      0.00      0.00       11.00          82.34
20170602 0166956170     000501     配号卫光生物(22257399)       17.00    0.000      0.00      0.00        0.00          82.34
20170605 0166956170     000501     配号江丰电子(48376453)       17.00    0.000      0.00      0.00        0.00          82.34
20170606 0166956170     000501     配号杰恩设计(40716557)       17.00    0.000      0.00      0.00        0.00          82.34
20170607 980521524436     000501     股息入帐天添利                0.00    0.000      0.00      0.00        0.15          82.49
20170607 0166956170     000501     配号必创科技(42916224)       17.00    0.000      0.00      0.00        0.00          82.49
20170608 0166956170     000501     配号中设股份(28402333)       17.00    0.000      0.00      0.00        0.00          82.49
20170609 0166956170     000501     配号美格智能(13282097)       17.00    0.000      0.00      0.00        0.00          82.49
20170609 0166956170     000501     股息入帐昆仑万维              0.00    0.000      0.00      0.00       52.50         134.99
20170612 980521524436     000501     保证金产品申购天添利        133.99    1.000      0.00      0.00     -133.99           1.00
20170613 0166956170     000501     配号金龙羽  (118326138)      17.00    0.000      0.00      0.00        0.00           1.00
20170614 A808998161     000501     股息入帐中国卫星              0.00    0.000      0.00      0.00       11.00          12.00
20170614 0166956170     000501     配号沃特股份(35021869)       17.00    0.000      0.00      0.00        0.00          12.00
20170615 A808998161     000501     股息入帐鹿港文化              0.00    0.000      0.00      0.00       35.00          47.00
20170615 0166956170     000501     配号京泉华  (28141496)       17.00    0.000      0.00      0.00        0.00          47.00
20170616 0166956170     000501     股息入帐航天发展              0.00    0.000      0.00      0.00       27.33          74.33
20170619 0166956170     000501     配号沪宁股份(43976155)       16.00    0.000      0.00      0.00        0.00          74.33
20170620                000501     批量利息归本                  0.00    0.000      0.00      0.00        0.03          74.36
20170622 0166956170     000501     配号大烨智能(54885022)       17.00    0.000      0.00      0.00        0.00          74.36
20170623 0166956170     000501     配号富满电子(34606119)       17.00    0.000      0.00      0.00        0.00          74.36
20170623 0166956170     000501     股息入帐蓝色光标              0.00    0.000      0.00      0.00       71.88         146.24
20170626 0166956170     000501     股息入帐数码视讯              0.00    0.000      0.00      0.00       18.00         164.24
20170626 980521524436     000501     保证金产品申购天添利        145.24    1.000      0.00      0.00     -145.24          19.00
20170628 0166956170     000501     配号国科微  (28837865)       17.00    0.000      0.00      0.00        0.00          19.00
20170629 0166956170     000501     配号凌霄泵业(106045050)      17.00    0.000      0.00      0.00        0.00          19.00
20170630 0166956170     000501     配号佩蒂股份(93976882)       17.00    0.000      0.00      0.00        0.00          19.00


深圳笋岗路证券营业部 客户托管情况
客户号:0119455248  姓名:刘志鹏                 货币:人民币  日期:20170101-->20170630  牛卡级别::银卡
===================================================================================================================
股东代码   证券代码及名称        库存数     当日买入   买入价    当日卖出   卖出价      可用数量            市值  成本价
A808998161 600031-三一重工      1500.00        0.00    0.000        0.00    0.000       1500.00        12495.00   8.386
===================================================================================================================
page 6


深圳笋岗路证券营业部 客户托管情况
客户号:0119455248  姓名:刘志鹏                 货币:人民币  日期:20170101-->20170630  牛卡级别::银卡
===================================================================================================================
股东代码   证券代码及名称        库存数     当日买入   买入价    当日卖出   卖出价      可用数量            市值  成本价
A808998161 600068-  葛洲坝      1000.00        0.00    0.000        0.00    0.000       1000.00         9160.00   9.330
A808998161 600095-  哈高科       500.00        0.00    0.000        0.00    0.000        500.00         2880.00  16.814
A808998161 600118-中国卫星       300.00        0.00    0.000        0.00    0.000        300.00         6504.00  23.344
A808998161 601599-鹿港文化       500.00        0.00    0.000        0.00    0.000        500.00         3145.00  25.230
A808998161 601918-新集能源      2000.00        0.00    0.000        0.00    0.000       2000.00         6960.00   9.438
A808998161 601988-中国银行      1000.00        0.00    0.000        0.00    0.000       1000.00         4170.00   4.245
0166956170 000547-航天发展       497.00        0.00    0.000        0.00    0.000        497.00         5382.51  15.382
0166956170 000776-广发证券       500.00        0.00    0.000        0.00    0.000        500.00         8390.00  16.830
0166956170 002241-歌尔股份      1000.00        0.00    0.000        0.00    0.000       1000.00        15410.00  13.527
0166956170 002546-新联电子      3000.00        0.00    0.000        0.00    0.000       3000.00        13800.00   7.152
0166956170 002566-益盛药业       500.00        0.00    0.000        0.00    0.000        500.00         4035.00  12.455
0166956170 300043-星辉娱乐       500.00        0.00    0.000        0.00    0.000        500.00         2895.00  19.266
0166956170 300058-蓝色光标       500.00        0.00    0.000        0.00    0.000        500.00         4095.00   8.110
0166956170 300079-数码科技      1000.00        0.00    0.000        0.00    0.000       1000.00         3820.00   6.618
===================================================================================================================
注意：股票库存数为昨日余额，当日买卖和市值仅供参考，具体数据以登记公司为准。
===================================================================================================================
资金余额:               1.00                            市值:          103141.51
可用资金:            2975.35               可用资金+市值合计:          106116.86
买入未交收金额:               0.00                  卖出未交收金额:               0.00
第7页