


深圳笋岗路证券营业部 客户对帐单
客户号:0119455248  姓名:刘志鹏   货币:人民币  日期:20180101-->20180316  牛卡级别::银卡
===================================================================================================================
发生日期  股东代码      银行代码   摘                   要       成交数 成交均价    手续费  印花税等    变动金额       资金余额
20180102 A808998161     000501     证券卖出长城汽车            400.00   12.260      5.00      5.00     4894.00        4895.00
20180102 0166956170     000501     证券卖出中国长城           1000.00    7.210      5.00      7.21     7197.79       12092.79
20180102 980521524436     000501     保证金产品申购天添利      12091.79    1.000      0.00      0.00   -12091.79           1.00
20180103 A808998161     000501     配号美凯配号(100087936747)      2.00    0.000      0.00      0.00        0.00           1.00
20180104 A808998161     000501     配号德邦配号(100066918476)      2.00    0.000      0.00      0.00        0.00           1.00
20180104 0166956170     000501     配号西菱动力(102443935)      11.00    0.000      0.00      0.00        0.00           1.00
20180104 0166956170     000501     配号盈趣科技(134914412)      11.00    0.000      0.00      0.00        0.00           1.00
20180105 0166956170     000501     配号万兴科技(178898285)      11.00    0.000      0.00      0.00        0.00           1.00
20180109 980521524436     000501     股息入帐天添利                0.00    0.000      0.00      0.00       15.05          16.05
20180110 A808998161     000501     配号天永配号(100069491941)      2.00    0.000      0.00      0.00        0.00          16.05
20180110 0166956170     000501     配号奥飞数据(130778439)      11.00    0.000      0.00      0.00        0.00          16.05
20180111 A808998161     000501     配号华菱配号(100057517308)      2.00    0.000      0.00      0.00        0.00          16.05
20180111 0166956170     000501     证券卖出新联电子           1000.00    5.110      5.00      5.11     5099.89        5115.94
20180111 980521524436     000501     保证金产品申购天添利       5114.94    1.000      0.00      0.00    -5114.94           1.00
20180115 0166956170     000501     证券买入新联电子            500.00    5.000      5.00      0.00    -2505.00       -2504.00
20180115 980521524436     000501     保证金产品赎回天添利       2505.00    1.000      0.00      0.00     2505.00       -2504.00
20180115 980521524436     000501     赎回到帐天添利                0.00    0.000      0.00      0.00     2505.00           1.00
20180116 0166956170     000501     配号科顺股份(325158542)      10.00    0.000      0.00      0.00        0.00           1.00
20180117 A808998161     000501     配号成银配号(100081031365)      2.00    0.000      0.00      0.00        0.00           1.00
20180117 0166956170     000501     证券卖出中国长城           1000.00    7.040      5.00      7.04     7027.96        7028.96
20180117 0166956170     000501     证券卖出蓝色光标           1000.00    5.920      5.00      5.92     5909.08       12938.04
20180117 980521524436     000501     保证金产品申购天添利      12937.04    1.000      0.00      0.00   -12937.04           1.00
20180118 980521524436     000501     保证金产品赎回天添利          6.52    1.000      0.00      0.00        6.52           1.00
20180118 980521524436     000501     赎回到帐天添利                0.00    0.000      0.00      0.00        6.52           7.52
20180119 0166956170     000501     红利差异税补扣蓝色光标        0.00    0.000      0.00      0.00       -6.52           1.00
20180123 A808998161     000501     配号淳中配号(100029972230)      2.00    0.000      0.00      0.00        0.00           1.00
20180123 A808998161     000501     配号南都配号(100049083557)      2.00    0.000      0.00      0.00        0.00           1.00
20180123 0166956170     000501     配号明阳电路(71220250)        9.00    0.000      0.00      0.00        0.00           1.00
20180124 0166956170     000501     配号华西证券(236585779)       9.00    0.000      0.00      0.00        0.00           1.00
20180125 A808998161     000501     配号嘉友配号(100030918800)      2.00    0.000      0.00      0.00        0.00           1.00
20180126                000501     保证金产品快速取款            0.00    0.000      0.00      0.00    35000.00       35001.00
20180126                000501     银行转取                      0.00    0.000      0.00      0.00   -35000.00           1.00
20180126 0166956170     000501     配号南京聚隆(141236824)       8.00    0.000      0.00      0.00        0.00           1.00
20180126 980521524436     000501     保证金份额转让划出天添利  35000.00    1.000      0.00      0.00        0.00           1.00
20180129 A808998161     000501     配号中源配号(100053976898)      2.00    0.000      0.00      0.00        0.00           1.00
20180130 0166956170     000501     配号御家汇  (102870823)       8.00    0.000      0.00      0.00        0.00           1.00
20180131                000501     银行转存                      0.00    0.000      0.00      0.00    32600.00       32601.00
20180131 A808998161     000501     配号养元配号(100028125707)      2.00    0.000      0.00      0.00        0.00       32601.00
20180131 A808998161     000501     证券买入新集能源            600.00    3.580      5.00      0.04    -2153.04       30447.96
20180131 A808998161     000501     证券买入葛洲坝              500.00    9.490      5.00      0.09    -4750.09       25697.87
20180131 0166956170     000501     证券买入新联电子            500.00    4.850      5.00      0.00    -2430.00       23267.87
20180131 980521524436     000501     保证金产品申购天添利      23266.87    1.000      0.00      0.00   -23266.87           1.00
20180201 A808998161     000501     证券买入三一重工            500.00    9.050      5.00      0.09    -4530.09       -4529.09
20180201 A808998161     000501     证券买入葛洲坝              500.00    9.210      5.00      0.09    -4610.09       -9139.18
20180201 0166956170     000501     证券买入新联电子            500.00    4.400      5.00      0.00    -2205.00      -11344.18
20180201 980521524436     000501     保证金产品赎回天添利      20225.18    1.000      0.00      0.00    20225.18      -11344.18
20180201 980521524436     000501     赎回到帐天添利                0.00    0.000      0.00      0.00    20225.18        8881.00
20180202 0166956170     000501     证券买入天虹股份            500.00   17.390      5.00      0.00    -8700.00         181.00
20180202 980521524436     000501     保证金产品申购天添利        180.00    1.000      0.00      0.00     -180.00           1.00
20180205 A808998161     000501     证券卖出中国银行           1000.00    4.750      5.00      4.85     4740.15        4741.15
20180205 A808998161     000501     证券买入中国卫星            200.00   22.000      5.00      0.09    -4405.09         336.06
20180205 A808998161     000501     证券买入鹿港文化            500.00    5.970      5.00      0.06    -2990.06       -2654.00
20180205 0166956170     000501     证券卖出天虹股份            400.00   19.173      5.00      7.67     7656.33        5002.33
20180205 0166956170     000501     证券买入数码科技            500.00    3.530      5.00      0.00    -1770.00        3232.33
===================================================================================================================
page 1


深圳笋岗路证券营业部 客户对帐单
客户号:0119455248  姓名:刘志鹏   货币:人民币  日期:20180101-->20180316  牛卡级别::银卡
===================================================================================================================
发生日期  股东代码      银行代码   摘                   要       成交数 成交均价    手续费  印花税等    变动金额       资金余额
20180205 0166956170     000501     证券买入数码科技            500.00    3.550      5.00      0.00    -1780.00        1452.33
20180205 0166956170     000501     证券买入益盛药业            500.00    7.930      5.00      0.00    -3970.00       -2517.67
20180205 980521524436     000501     保证金产品赎回天添利       2518.67    1.000      0.00      0.00     2518.67       -2517.67
20180205 980521524436     000501     赎回到帐天添利                0.00    0.000      0.00      0.00     2518.67           1.00
20180206                000501     银行转存                      0.00    0.000      0.00      0.00     5000.00        5001.00
20180206 0166956170     000501     证券买入歌尔股份            500.00   13.220      5.00      0.00    -6615.00       -1614.00
20180206 980521524436     000501     保证金产品赎回天添利       1615.00    1.000      0.00      0.00     1615.00       -1614.00
20180206 980521524436     000501     赎回到帐天添利                0.00    0.000      0.00      0.00     1615.00           1.00
20180207 A808998161     000501     配号七一配号(100058382701)      2.00    0.000      0.00      0.00        0.00           1.00
20180207 A808998161     000501     配号江租配号(100100518950)      2.00    0.000      0.00      0.00        0.00           1.00
20180207 980521524436     000501     股息入帐天添利                0.00    0.000      0.00      0.00       27.62          28.62
20180207 0166956170     000501     配号泰永长征(69829445)        7.00    0.000      0.00      0.00        0.00          28.62
20180208 A808998161     000501     配号今创配号(100028219306)      2.00    0.000      0.00      0.00        0.00          28.62
20180208 0166956170     000501     证券卖出星辉娱乐            200.00    5.490      5.00      1.10     1091.90        1120.52
20180208 980521524436     000501     保证金产品申购天添利       1119.52    1.000      0.00      0.00    -1119.52           1.00
20180209                000501     银行转存                      0.00    0.000      0.00      0.00    10000.00       10001.00
20180209 A808998161     000501     配号倍加配号(100013357080)      2.00    0.000      0.00      0.00        0.00       10001.00
20180209 A808998161     000501     证券买入三一重工            500.00    8.100      5.00      0.08    -4055.08        5945.92
20180209 A808998161     000501     证券买入中国卫星            100.00   19.050      5.00      0.04    -1910.04        4035.88
20180209 A808998161     000501     证券买入中国卫星            100.00   18.850      5.00      0.04    -1890.04        2145.84
20180209 0166956170     000501     证券买入歌尔股份            500.00   12.950      5.00      0.00    -6480.00       -4334.16
20180209 980521524436     000501     保证金产品赎回天添利       4335.16    1.000      0.00      0.00     4335.16       -4334.16
20180209 980521524436     000501     赎回到帐天添利                0.00    0.000      0.00      0.00     4335.16           1.00
20180213 0166956170     000501     配号华宝股份(115990676)       7.00    0.000      0.00      0.00        0.00           1.00
20180213 0166956170     000501     配号润建通信(140735955)       7.00    0.000      0.00      0.00        0.00           1.00
20180214 0166956170     000501     配号华夏航空(137754082)       8.00    0.000      0.00      0.00        0.00           1.00
20180226 A808998161     000501     证券卖出葛洲坝              500.00    9.310      5.00      4.75     4645.25        4646.25
20180226 A808998161     000501     证券卖出三一重工            500.00    8.800      5.00      4.49     4390.51        9036.76
20180226 0166956170     000501     证券卖出歌尔股份            500.00   14.700      5.00      7.35     7337.65       16374.41
20180226 980521524436     000501     保证金产品申购天添利      16373.41    1.000      0.00      0.00   -16373.41           1.00
20180227 A808998161     000501     证券买入三一重工            500.00    8.600      5.00      0.09    -4305.09       -4304.09
20180227 0166956170     000501     证券卖出天虹股份            100.00   19.150      5.00      1.92     1908.08       -2396.01
20180227 980521524436     000501     保证金产品赎回天添利       2397.01    1.000      0.00      0.00     2397.01       -2396.01
20180227 980521524436     000501     赎回到帐天添利                0.00    0.000      0.00      0.00     2397.01           1.00
20180228 A808998161     000501     证券买入三一重工            500.00    8.330      5.00      0.08    -4170.08       -4169.08
20180228 0166956170     000501     证券卖出星辉娱乐            300.00    5.420      5.00      1.63     1619.37       -2549.71
20180228 980521524436     000501     保证金产品赎回天添利       2550.71    1.000      0.00      0.00     2550.71       -2549.71
20180228 980521524436     000501     赎回到帐天添利                0.00    0.000      0.00      0.00     2550.71           1.00
20180301 A808998161     000501     证券买入中国银行           1000.00    4.240      5.00      0.08    -4245.08       -4244.08
20180301 980521524436     000501     保证金产品赎回天添利       4245.08    1.000      0.00      0.00     4245.08       -4244.08
20180301 980521524436     000501     赎回到帐天添利                0.00    0.000      0.00      0.00     4245.08           1.00
20180306 A808998161     000501     证券卖出鹿港文化            500.00    6.050      5.00      3.09     3016.91        3017.91
20180306 A808998161     000501     证券卖出三一重工            500.00    8.440      5.00      4.30     4210.70        7228.61
20180306 0166956170     000501     证券卖出益盛药业            500.00    8.120      5.00      4.06     4050.94       11279.55
20180306 0166956170     000501     证券卖出新联电子            500.00    4.530      5.00      2.27     2257.73       13537.28
20180306 0166956170     000501     证券卖出数码科技           1000.00    3.780      5.00      3.78     3771.22       17308.50
20180306 980521524436     000501     保证金产品申购天添利      17307.50    1.000      0.00      0.00   -17307.50           1.00
20180307 0166956170     000501     红利差异税扣税数码科技        0.00    0.000      0.00      0.00       -0.30           0.70
20180307 980521524436     000501     股息入帐天添利                0.00    0.000      0.00      0.00        4.19           4.89
20180307 980521524436     000501     保证金产品赎回天添利          0.30    1.000      0.00      0.00        0.30           4.89
20180307 980521524436     000501     赎回到帐天添利                0.00    0.000      0.00      0.00        0.30           5.19
20180312 A808998161     000501     证券卖出中国卫星            200.00   22.110      5.00      4.51     4412.49        4417.68
20180312 980521524436     000501     保证金产品申购天添利       4416.68    1.000      0.00      0.00    -4416.68           1.00
20180313 A808998161     000501     证券卖出哈高科              500.00    5.710      5.00      2.92     2847.08        2848.08
===================================================================================================================
page 2


深圳笋岗路证券营业部 客户对帐单
客户号:0119455248  姓名:刘志鹏   货币:人民币  日期:20180101-->20180316  牛卡级别::银卡
===================================================================================================================
发生日期  股东代码      银行代码   摘                   要       成交数 成交均价    手续费  印花税等    变动金额       资金余额
20180313 980521524436     000501     保证金产品申购天添利       2847.08    1.000      0.00      0.00    -2847.08           1.00
20180314 A808998161     000501     配号湖盐配号(100010270589)      4.00    0.000      0.00      0.00        0.00           1.00
20180314 A808998161     000501     证券买入三一重工            500.00    8.230      5.00      0.08    -4120.08       -4119.08
20180314 A808998161     000501     证券买入葛洲坝              500.00    9.220      5.00      0.09    -4615.09       -8734.17
20180314 0166956170     000501     证券买入广发证券            500.00   16.820      5.00      0.00    -8415.00      -17149.17
20180314 0166956170     000501     证券买入歌尔股份            500.00   15.530      5.00      0.00    -7770.00      -24919.17
20180314 0166956170     000501     证券买入蓝色光标            500.00    8.100      5.00      0.00    -4055.00      -28974.17
20180314 0166956170     000501     配号彩讯股份(13095204)        9.00    0.000      0.00      0.00        0.00      -28974.17
20180314 0166956170     000501     配号宏川智慧(21366291)        9.00    0.000      0.00      0.00        0.00      -28974.17
20180314 980521524436     000501     保证金产品赎回天添利      28975.17    1.000      0.00      0.00    28975.17      -28974.17
20180314 980521524436     000501     赎回到帐天添利                0.00    0.000      0.00      0.00    28975.17           1.00


深圳笋岗路证券营业部 客户托管情况
客户号:0119455248  姓名:刘志鹏                 货币:人民币  日期:20180101-->20180316  牛卡级别::银卡
===================================================================================================================
股东代码   证券代码及名称        库存数     当日买入   买入价    当日卖出   卖出价      可用数量            市值  成本价
A808998161 600031-三一重工      1500.00        0.00    0.000        0.00    0.000       1500.00        12495.00   8.386
A808998161 600068-  葛洲坝      1000.00        0.00    0.000        0.00    0.000       1000.00         9160.00   9.330
A808998161 600095-  哈高科       500.00        0.00    0.000        0.00    0.000        500.00         2880.00  16.814
A808998161 600118-中国卫星       300.00        0.00    0.000        0.00    0.000        300.00         6504.00  23.344
A808998161 601599-鹿港文化       500.00        0.00    0.000        0.00    0.000        500.00         3145.00  25.230
A808998161 601918-新集能源      2000.00        0.00    0.000        0.00    0.000       2000.00         6960.00   9.438
A808998161 601988-中国银行      1000.00        0.00    0.000        0.00    0.000       1000.00         4170.00   4.245
0166956170 000547-航天发展       497.00        0.00    0.000        0.00    0.000        497.00         5382.51  15.382
0166956170 000776-广发证券       500.00        0.00    0.000        0.00    0.000        500.00         8390.00  16.830
0166956170 002241-歌尔股份      1000.00        0.00    0.000        0.00    0.000       1000.00        15410.00  13.527
0166956170 002546-新联电子      3000.00        0.00    0.000        0.00    0.000       3000.00        13800.00   7.152
0166956170 002566-益盛药业       500.00        0.00    0.000        0.00    0.000        500.00         4035.00  12.455
0166956170 300043-星辉娱乐       500.00        0.00    0.000        0.00    0.000        500.00         2895.00  19.266
0166956170 300058-蓝色光标       500.00        0.00    0.000        0.00    0.000        500.00         4095.00   8.110
0166956170 300079-数码科技      1000.00        0.00    0.000        0.00    0.000       1000.00         3820.00   6.618
===================================================================================================================
注意：股票库存数为昨日余额，当日买卖和市值仅供参考，具体数据以登记公司为准。
===================================================================================================================
资金余额:               1.00                            市值:          103141.51
可用资金:            2975.35               可用资金+市值合计:          106116.86
买入未交收金额:               0.00                  卖出未交收金额:               0.00
第3页