


深圳笋岗路证券营业部 客户对帐单
客户号:0119455248  姓名:刘志鹏   货币:人民币  日期:20170701-->20171231  牛卡级别::银卡
===================================================================================================================
发生日期  股东代码      银行代码   摘                   要       成交数 成交均价    手续费  印花税等    变动金额       资金余额
20170705 0166956170     000501     配号华大基因(43272742)       17.00    0.000      0.00      0.00        0.00          19.00
20170705 0166956170     000501     配号建科院  (46557344)       17.00    0.000      0.00      0.00        0.00          19.00
20170707 980521524436     000501     股息入帐天添利                0.00    0.000      0.00      0.00        0.32          19.32
20170712 0166956170     000501     配号惠威科技(52989199)       16.00    0.000      0.00      0.00        0.00          19.32
20170712 0166956170     000501     配号英科医疗(51676693)       17.00    0.000      0.00      0.00        0.00          19.32
20170712 0166956170     000501     股息入帐高伟达                0.00    0.000      0.00      0.00        3.20          22.52
20170713 0166956170     000501     配号隆盛科技(172066789)      17.00    0.000      0.00      0.00        0.00          22.52
20170713 0166956170     000501     配号中科信息(125839137)      17.00    0.000      0.00      0.00        0.00          22.52
20170714 0166956170     000501     股息入帐金运激光              0.00    0.000      0.00      0.00        1.20          23.72
20170718 0166956170     000501     配号东方嘉盛(35652829)       17.00    0.000      0.00      0.00        0.00          23.72
20170719 0166956170     000501     配号电连技术(76483697)       17.00    0.000      0.00      0.00        0.00          23.72
20170720 0166956170     000501     配号朗新科技(112284275)      16.00    0.000      0.00      0.00        0.00          23.72
20170720 0166956170     000501     配号绿茵生态(152872688)      16.00    0.000      0.00      0.00        0.00          23.72
20170724 0166956170     000501     配号艾德生物(131656816)      16.00    0.000      0.00      0.00        0.00          23.72
20170724 0166956170     000501     配号弘宇股份(132727878)      16.00    0.000      0.00      0.00        0.00          23.72
20170725 0166956170     000501     配号赛意信息(113012266)      16.00    0.000      0.00      0.00        0.00          23.72
20170726 0166956170     000501     配号智动力  (66101444)       16.00    0.000      0.00      0.00        0.00          23.72
20170727 0166956170     000501     配号海特生物(135950920)      16.00    0.000      0.00      0.00        0.00          23.72
20170728 0166956170     000501     配号双一科技(42155431)       16.00    0.000      0.00      0.00        0.00          23.72
20170731 0166956170     000501     配号创业黑马(18190280)       16.00    0.000      0.00      0.00        0.00          23.72
20170731 0166956170     000501     配号澄天伟业(18041509)       16.00    0.000      0.00      0.00        0.00          23.72
20170802 0166956170     000501     配号联合光电(81166351)       16.00    0.000      0.00      0.00        0.00          23.72
20170808 0166956170     000501     证券卖出东方财富            300.00   13.300      5.00      3.99     3981.01        4004.73
20170808 0166956170     000501     配号科力尔  (16551869)       16.00    0.000      0.00      0.00        0.00        4004.73
20170808 980521524436     000501     保证金产品申购天添利       4003.73    1.000      0.00      0.00    -4003.73           1.00
20170809 980521524436     000501     股息入帐天添利                0.00    0.000      0.00      0.00        0.52           1.52
20170809 0166956170     000501     配号中环环保(26343034)       16.00    0.000      0.00      0.00        0.00           1.52
20170810 0166956170     000501     配号中宠股份(17461262)       16.00    0.000      0.00      0.00        0.00           1.52
20170810 0166956170     000501     配号盛弘股份(14056608)       16.00    0.000      0.00      0.00        0.00           1.52
20170811 0166956170     000501     配号爱乐达  (170189149)      16.00    0.000      0.00      0.00        0.00           1.52
20170816 0166956170     000501     配号川恒股份(11719795)       16.00    0.000      0.00      0.00        0.00           1.52
20170817 A808998161     000501     股息入帐中信证券              0.00    0.000      0.00      0.00       35.00          36.52
20170818 0166956170     000501     配号中大力德(16921571)       16.00    0.000      0.00      0.00        0.00          36.52
20170822 0166956170     000501     配号万马科技(26035052)       16.00    0.000      0.00      0.00        0.00          36.52
20170823 0166956170     000501     配号光威复材(63650627)       16.00    0.000      0.00      0.00        0.00          36.52
20170824 0166956170     000501     配号电工合金(170635101)      16.00    0.000      0.00      0.00        0.00          36.52
20170828 A808998161     000501     证券卖出中信证券            100.00   18.250      5.00      1.87     1818.13        1854.65
20170828 A808998161     000501     证券买入新集能源            400.00    4.660      5.00      0.04    -1869.04         -14.39
20170828 0166956170     000501     证券卖出东方财富            500.00   15.100      5.00      7.55     7537.45        7523.06
20170828 0166956170     000501     证券卖出昆仑万维            500.00   26.280      6.57     13.14    13120.29       20643.35
20170828 0166956170     000501     配号兆丰股份(18827556)       16.00    0.000      0.00      0.00        0.00       20643.35
20170828 980521524436     000501     保证金产品申购天添利      20642.35    1.000      0.00      0.00   -20642.35           1.00
20170829 A808998161     000501     证券买入工商银行           1000.00    6.050      5.00      0.12    -6055.12       -6054.12
20170829 A808998161     000501     证券买入新集能源            500.00    4.650      5.00      0.05    -2330.05       -8384.17
20170829 A808998161     000501     证券买入同仁堂              500.00   32.330      8.08      0.32   -16173.40      -24557.57
20170829 0166956170     000501     证券卖出世联行              100.00   11.800      5.00      1.18     1173.82      -23383.75
20170829 0166956170     000501     证券买入鞍钢股份            500.00    7.020      5.00      0.00    -3515.00      -26898.75
20170829 0166956170     000501     证券卖出快意电梯            500.00   14.200      5.00      7.10     7087.90      -19810.85
20170829 0166956170     000501     配号意华股份(13302303)       16.00    0.000      0.00      0.00        0.00      -19810.85
20170829 980521524436     000501     保证金产品赎回天添利      19818.30    1.000      0.00      0.00    19818.30      -19810.85
20170829 980521524436     000501     赎回到帐天添利                0.00    0.000      0.00      0.00    19818.30           7.45
20170830 0166956170     000501     红利差异税扣税世联行          0.00    0.000      0.00      0.00       -0.80           6.65
20170830 0166956170     000501     证券卖出鞍钢股份            500.00    7.350      5.00      3.68     3666.32        3672.97
20170830 0166956170     000501     红利差异税补扣东方财富        0.00    0.000      0.00      0.00       -1.20        3671.77
===================================================================================================================
page 1


深圳笋岗路证券营业部 客户对帐单
客户号:0119455248  姓名:刘志鹏   货币:人民币  日期:20170701-->20171231  牛卡级别::银卡
===================================================================================================================
发生日期  股东代码      银行代码   摘                   要       成交数 成交均价    手续费  印花税等    变动金额       资金余额
20170830 0166956170     000501     红利差异税补扣昆仑万维        0.00    0.000      0.00      0.00       -5.25        3666.52
20170830 0166956170     000501     配号赛隆药业(27696429)       16.00    0.000      0.00      0.00        0.00        3666.52
20170830 980521524436     000501     保证金产品申购天添利       3665.52    1.000      0.00      0.00    -3665.52           1.00
20170831 0166956170     000501     证券卖出高伟达              200.00   11.050      5.00      2.21     2202.79        2203.79
20170831 0166956170     000501     配号岱勒新材(29241041)       16.00    0.000      0.00      0.00        0.00        2203.79
20170831 980521524436     000501     保证金产品申购天添利       2202.79    1.000      0.00      0.00    -2202.79           1.00
20170901 0166956170     000501     红利差异税扣税高伟达          0.00    0.000      0.00      0.00       -0.16           0.84
20170901 A808998161     000501     配号畅联配号(100009093299)      1.00    0.000      0.00      0.00        0.00           0.84
20170901 0166956170     000501     证券买入中国长城            500.00    8.420      5.00      0.00    -4215.00       -4214.16
20170901 980521524436     000501     保证金产品赎回天添利       4215.16    1.000      0.00      0.00     4215.16       -4214.16
20170901 980521524436     000501     赎回到帐天添利                0.00    0.000      0.00      0.00     4215.16           1.00
20170904 0166956170     000501     配号森霸股份(29192796)       16.00    0.000      0.00      0.00        0.00           1.00
20170905 0166956170     000501     配号英派斯  (26438974)       15.00    0.000      0.00      0.00        0.00           1.00
20170906 A808998161     000501     配号原尚配号(100009352491)      1.00    0.000      0.00      0.00        0.00           1.00
20170906 A808998161     000501     配号梅轮配号(100018484343)      1.00    0.000      0.00      0.00        0.00           1.00
20170906 A808998161     000501     证券卖出新集能源            500.00    5.050      5.00      2.58     2517.42        2518.42
20170906 A808998161     000501     证券买入哈高科              400.00    8.170      5.00      0.06    -3273.06        -754.64
20170906 0166956170     000501     证券卖出蓝色光标            100.00    7.970      5.00      0.80      791.20          36.56
20170906 0166956170     000501     配号华通热力(28514948)       15.00    0.000      0.00      0.00        0.00          36.56
20170907 0166956170     000501     红利差异税扣税蓝色光标        0.00    0.000      0.00      0.00       -0.65          35.91
20170907 A808998161     000501     配号掌阅配号(100007695095)      1.00    0.000      0.00      0.00        0.00          35.91
20170907 0166956170     000501     证券买入歌尔股份            300.00   21.400      5.00      0.00    -6425.00       -6389.09
20170907 0166956170     000501     证券买入高伟达              200.00   11.810      5.00      0.00    -2367.00       -8756.09
20170907 0166956170     000501     证券卖出高伟达              200.00   12.780      5.00      2.56     2548.44       -6207.65
20170907 980521524436     000501     股息入帐天添利                0.00    0.000      0.00      0.00        6.98       -6200.67
20170907 0166956170     000501     配号天宇股份(16518604)       15.00    0.000      0.00      0.00        0.00       -6200.67
20170907 980521524436     000501     保证金产品赎回天添利       6208.65    1.000      0.00      0.00     6208.65       -6200.67
20170907 980521524436     000501     赎回到帐天添利                0.00    0.000      0.00      0.00     6208.65           7.98
20170908 A808998161     000501     配号恒银配号(100115569862)      1.00    0.000      0.00      0.00        0.00           7.98
20170908 0166956170     000501     配号创源文化(201980796)      15.00    0.000      0.00      0.00        0.00           7.98
20170911 A808998161     000501     配号台华配号(100022762325)      1.00    0.000      0.00      0.00        0.00           7.98
20170912 A808998161     000501     配号理药配号(100004774964)      1.00    0.000      0.00      0.00        0.00           7.98
20170912 0166956170     000501     配号哈三联  (18507984)       14.00    0.000      0.00      0.00        0.00           7.98
20170913 A808998161     000501     配号拉夏配号(100014643727)      2.00    0.000      0.00      0.00        0.00           7.98
20170913 0166956170     000501     配号大博医疗(29967448)       14.00    0.000      0.00      0.00        0.00           7.98
20170914 A808998161     000501     配号傲农配号(100021399146)      2.00    0.000      0.00      0.00        0.00           7.98
20170914 0166956170     000501     配号世纪天鸿(29768257)       14.00    0.000      0.00      0.00        0.00           7.98
20170915 A808998161     000501     配号天目配号(100008884930)      2.00    0.000      0.00      0.00        0.00           7.98
20170915 0166956170     000501     配号阿石创  (19313363)       14.00    0.000      0.00      0.00        0.00           7.98
20170919 A808998161     000501     配号亚士配号(100015545843)      2.00    0.000      0.00      0.00        0.00           7.98
20170919 A808998161     000501     配号辰欣配号(100019120447)      2.00    0.000      0.00      0.00        0.00           7.98
20170920                000501     批量利息归本                  0.00    0.000      0.00      0.00        0.02           8.00
20170920 A808998161     000501     配号国芳配号(100020679455)      2.00    0.000      0.00      0.00        0.00           8.00
20170920 0166956170     000501     配号铭普光磁(29055478)       13.00    0.000      0.00      0.00        0.00           8.00
20170921 0166956170     000501     配号九典制药(32836284)       13.00    0.000      0.00      0.00        0.00           8.00
20170922 A808998161     000501     配号横店配号(100013158827)      3.00    0.000      0.00      0.00        0.00           8.00
20170922 0166956170     000501     证券买入歌尔股份            200.00   20.150      5.00      0.00    -4035.00       -4027.00
20170922 0166956170     000501     证券卖出中国长城            500.00    8.920      5.00      4.46     4450.54         423.54
20170922 0166956170     000501     配号威唐工业(31797497)       13.00    0.000      0.00      0.00        0.00         423.54
20170922 980521524436     000501     保证金产品申购天添利        422.54    1.000      0.00      0.00     -422.54           1.00
20170926 A808998161     000501     配号东方配号(100008748531)      3.00    0.000      0.00      0.00        0.00           1.00
20170926 0166956170     000501     配号宇环数控(21027156)       13.00    0.000      0.00      0.00        0.00           1.00
20170927 A808998161     000501     配号翔港配号(100051190785)      3.00    0.000      0.00      0.00        0.00           1.00
20170927 0166956170     000501     配号华阳集团(177534257)      13.00    0.000      0.00      0.00        0.00           1.00
===================================================================================================================
page 2


深圳笋岗路证券营业部 客户对帐单
客户号:0119455248  姓名:刘志鹏   货币:人民币  日期:20170701-->20171231  牛卡级别::银卡
===================================================================================================================
发生日期  股东代码      银行代码   摘                   要       成交数 成交均价    手续费  印花税等    变动金额       资金余额
20170928 A808998161     000501     配号洛凯配号(100005777105)      3.00    0.000      0.00      0.00        0.00           1.00
20170928 0166956170     000501     配号金逸影视(15350412)       13.00    0.000      0.00      0.00        0.00           1.00
20170928 0166956170     000501     配号聚灿光电(16714114)       13.00    0.000      0.00      0.00        0.00           1.00
20170929 A808998161     000501     配号金辰配号(100005918096)      3.00    0.000      0.00      0.00        0.00           1.00
20170929 0166956170     000501     配号万隆光电(13650475)       13.00    0.000      0.00      0.00        0.00           1.00
20170929 0166956170     000501     配号精研科技(8869717)        13.00    0.000      0.00      0.00        0.00           1.00
20171010 A808998161     000501     配号晶华配号(100011506697)      3.00    0.000      0.00      0.00        0.00           1.00
20171010 A808998161     000501     配号风语配号(100013208946)      3.00    0.000      0.00      0.00        0.00           1.00
20171010 0166956170     000501     配号德生科技(30653625)       13.00    0.000      0.00      0.00        0.00           1.00
20171011 A808998161     000501     配号金鸿配号(100053903383)      3.00    0.000      0.00      0.00        0.00           1.00
20171011 980521524436     000501     股息入帐天添利                0.00    0.000      0.00      0.00        1.68           2.68
20171011 0166956170     000501     配号华森制药(121406853)      13.00    0.000      0.00      0.00        0.00           2.68
20171012 A808998161     000501     配号财通配号(100141980568)      3.00    0.000      0.00      0.00        0.00           2.68
20171012 0166956170     000501     配号凯伦股份(156010692)      13.00    0.000      0.00      0.00        0.00           2.68
20171013 A808998161     000501     配号阿科配号(100007923156)      3.00    0.000      0.00      0.00        0.00           2.68
20171013 A808998161     000501     配号京华配号(100008548184)      3.00    0.000      0.00      0.00        0.00           2.68
20171013 0166956170     000501     配号集泰股份(24659479)       13.00    0.000      0.00      0.00        0.00           2.68
20171018 A808998161     000501     配号合盛配号(100082617449)      3.00    0.000      0.00      0.00        0.00           2.68
20171018 A808998161     000501     证券卖出同仁堂              500.00   33.450      8.36     17.06    16699.58       16702.26
20171018 A808998161     000501     证券卖出工商银行           1000.00    6.270      5.00      6.40     6258.60       22960.86
20171018 A808998161     000501     证券买入新集能源            500.00    4.280      5.00      0.04    -2145.04       20815.82
20171018 0166956170     000501     证券买入新联电子           1000.00    6.000      5.00      0.00    -6005.00       14810.82
20171018 0166956170     000501     配号庄园牧场(178388494)      13.00    0.000      0.00      0.00        0.00       14810.82
20171018 980521524436     000501     保证金产品申购天添利      14809.82    1.000      0.00      0.00   -14809.82           1.00
20171019 A808998161     000501     配号泰瑞配号(100009269517)      3.00    0.000      0.00      0.00        0.00           1.00
20171019 0166956170     000501     证券买入高伟达              300.00    9.860      5.00      0.00    -2963.00       -2962.00
20171019 0166956170     000501     证券买入数码科技            400.00    5.290      5.00      0.00    -2121.00       -5083.00
20171019 0166956170     000501     证券买入中国长城            500.00    8.170      5.00      0.00    -4090.00       -9173.00
20171019 0166956170     000501     证券买入金运激光            300.00   19.200      5.00      0.00    -5765.00      -14938.00
20171019 0166956170     000501     配号英可瑞  (8280005)        10.00    0.000      0.00      0.00        0.00      -14938.00
20171019 0166956170     000501     配号永福股份(16699650)       13.00    0.000      0.00      0.00        0.00      -14938.00
20171019 980521524436     000501     保证金产品赎回天添利      14939.00    1.000      0.00      0.00    14939.00      -14938.00
20171019 980521524436     000501     赎回到帐天添利                0.00    0.000      0.00      0.00    14939.00           1.00
20171020 A808998161     000501     配号佳力配号(100011066229)      3.00    0.000      0.00      0.00        0.00           1.00
20171020 0166956170     000501     配号广哈通信(23338717)       13.00    0.000      0.00      0.00        0.00           1.00
20171023 A808998161     000501     配号丽岛配号(100007230899)      3.00    0.000      0.00      0.00        0.00           1.00
20171024 A808998161     000501     配号璞泰配号(100006524884)      3.00    0.000      0.00      0.00        0.00           1.00
20171024 A808998161     000501     证券买入哈高科              100.00    7.680      5.00      0.02     -773.02        -772.02
20171024 980521524436     000501     保证金产品赎回天添利        773.02    1.000      0.00      0.00      773.02        -772.02
20171024 980521524436     000501     赎回到帐天添利                0.00    0.000      0.00      0.00      773.02           1.00
20171025 A808998161     000501     配号振江配号(100015491302)      3.00    0.000      0.00      0.00        0.00           1.00
20171025 A808998161     000501     配号东宏配号(100019737837)      3.00    0.000      0.00      0.00        0.00           1.00
20171025 0166956170     000501     配号长盛轴承(28338631)       13.00    0.000      0.00      0.00        0.00           1.00
20171026 A808998161     000501     配号贵燃配号(100012455027)      2.00    0.000      0.00      0.00        0.00           1.00
20171026 0166956170     000501     证券卖出歌尔股份            500.00   21.930      5.48     10.97    10948.55       10949.55
20171026 0166956170     000501     配号海川智能(19702920)       14.00    0.000      0.00      0.00        0.00       10949.55
20171026 0166956170     000501     配号华信新材(18594454)       14.00    0.000      0.00      0.00        0.00       10949.55
20171026 980521524436     000501     保证金产品申购天添利      10948.55    1.000      0.00      0.00   -10948.55           1.00
20171027 A808998161     000501     证券买入哈高科              400.00    7.340      5.00      0.06    -2941.06       -2940.06
20171027 0166956170     000501     配号安达维尔(19198134)       14.00    0.000      0.00      0.00        0.00       -2940.06
20171027 0166956170     000501     配号国立科技(14817122)       14.00    0.000      0.00      0.00        0.00       -2940.06
20171027 980521524436     000501     保证金产品赎回天添利       2941.06    1.000      0.00      0.00     2941.06       -2940.06
20171027 980521524436     000501     赎回到帐天添利                0.00    0.000      0.00      0.00     2941.06           1.00
20171030 0166956170     000501     证券买入金运激光            200.00   18.050      5.00      0.00    -3615.00       -3614.00
===================================================================================================================
page 3


深圳笋岗路证券营业部 客户对帐单
客户号:0119455248  姓名:刘志鹏   货币:人民币  日期:20170701-->20171231  牛卡级别::银卡
===================================================================================================================
发生日期  股东代码      银行代码   摘                   要       成交数 成交均价    手续费  印花税等    变动金额       资金余额
20171030 0166956170     000501     证券买入益盛药业            400.00   10.220      5.00      0.00    -4093.00       -7707.00
20171030 980521524436     000501     保证金产品赎回天添利       7708.00    1.000      0.00      0.00     7708.00       -7707.00
20171030 980521524436     000501     赎回到帐天添利                0.00    0.000      0.00      0.00     7708.00           1.00
20171031 A808998161     000501     配号剑桥配号(100007311444)      2.00    0.000      0.00      0.00        0.00           1.00
20171031 A808998161     000501     配号苏特配号(100013408967)      2.00    0.000      0.00      0.00        0.00           1.00
20171031 0166956170     000501     配号新余国科(24693614)       14.00    0.000      0.00      0.00        0.00           1.00
20171101 A808998161     000501     配号乐惠配号(100100106263)      2.00    0.000      0.00      0.00        0.00           1.00
20171101 A808998161     000501     配号大业配号(100105358161)      2.00    0.000      0.00      0.00        0.00           1.00
20171101 0166956170     000501     配号药石科技(203620416)      14.00    0.000      0.00      0.00        0.00           1.00
20171102 0166956170     000501     配号盘龙药业(12117193)       14.00    0.000      0.00      0.00        0.00           1.00
20171102 0166956170     000501     配号怡达股份(9991893)        14.00    0.000      0.00      0.00        0.00           1.00
20171103 A808998161     000501     配号珀莱配号(100011546594)      2.00    0.000      0.00      0.00        0.00           1.00
20171103 A808998161     000501     证券买入中国银行           1000.00    3.850      5.00      0.08    -3855.08       -3854.08
20171103 0166956170     000501     证券卖出金运激光            200.00   19.980      5.00      4.00     3987.00         132.92
20171103 980521524436     000501     保证金产品申购天添利        131.92    1.000      0.00      0.00     -131.92           1.00
20171106 0166956170     000501     红利差异税扣税金运激光        0.00    0.000      0.00      0.00       -0.12           0.88
20171106 0166956170     000501     证券卖出金运激光            200.00   20.550      5.00      4.11     4100.89        4101.77
20171106 980521524436     000501     保证金产品申购天添利       4100.77    1.000      0.00      0.00    -4100.77           1.00
20171107 A808998161     000501     证券买入长城汽车            400.00   11.310      5.00      0.09    -4529.09       -4528.09
20171107 A808998161     000501     配号中农配号(100098265564)      2.00    0.000      0.00      0.00        0.00       -4528.09
20171107 A808998161     000501     配号爱柯配号(100168449765)      2.00    0.000      0.00      0.00        0.00       -4528.09
20171107 0166956170     000501     配号一品红  (226850705)      15.00    0.000      0.00      0.00        0.00       -4528.09
20171107 980521524436     000501     保证金产品赎回天添利       4529.09    1.000      0.00      0.00     4529.09       -4528.09
20171107 980521524436     000501     赎回到帐天添利                0.00    0.000      0.00      0.00     4529.09           1.00
20171108 A808998161     000501     配号水星配号(100018056329)      2.00    0.000      0.00      0.00        0.00           1.00
20171108 A808998161     000501     配号山版配号(100026449443)      2.00    0.000      0.00      0.00        0.00           1.00
20171108 980521524436     000501     股息入帐天添利                0.00    0.000      0.00      0.00        3.08           4.08
20171109 A808998161     000501     配号恒林配号(100033181681)      2.00    0.000      0.00      0.00        0.00           4.08
20171109 0166956170     000501     配号中新赛克(100282771)      15.00    0.000      0.00      0.00        0.00           4.08
20171109 0166956170     000501     配号佛燃股份(100865753)      15.00    0.000      0.00      0.00        0.00           4.08
20171110 0166956170     000501     配号宏达电子(12307680)       15.00    0.000      0.00      0.00        0.00           4.08
20171115 A808998161     000501     配号晨丰配号(100009530895)      1.00    0.000      0.00      0.00        0.00           4.08
20171115 0166956170     000501     配号润禾材料(19099748)       15.00    0.000      0.00      0.00        0.00           4.08
20171116 A808998161     000501     配号豪能配号(100011042659)      1.00    0.000      0.00      0.00        0.00           4.08
20171117 A808998161     000501     证券买入新集能源            400.00    3.890      5.00      0.03    -1561.03       -1556.95
20171117 0166956170     000501     证券买入新联电子           1000.00    5.410      5.00      0.00    -5415.00       -6971.95
20171117 0166956170     000501     证券卖出金运激光            300.00   23.320      5.00      7.00     6984.00          12.05
20171121 A808998161     000501     配号香飘配号(100005910527)      2.00    0.000      0.00      0.00        0.00          12.05
20171121 A808998161     000501     配号好太配号(100006585592)      2.00    0.000      0.00      0.00        0.00          12.05
20171122 A808998161     000501     配号合力配号(100015274939)      2.00    0.000      0.00      0.00        0.00          12.05
20171122 0166956170     000501     配号奥士康  (40287428)       15.00    0.000      0.00      0.00        0.00          12.05
20171122 0166956170     000501     配号乐歌股份(25971488)       15.00    0.000      0.00      0.00        0.00          12.05
20171123 0166956170     000501     配号科创信息(37745334)       14.00    0.000      0.00      0.00        0.00          12.05
20171123 0166956170     000501     配号中欣氟材(49079919)       14.00    0.000      0.00      0.00        0.00          12.05
20171129 0166956170     000501     证券卖出东方财富            500.00   13.820      5.00      6.91     6898.09        6910.14
20171129 0166956170     000501     配号金奥博  (35177753)       14.00    0.000      0.00      0.00        0.00        6910.14
20171129 0166956170     000501     配号科创新源(31719652)       14.00    0.000      0.00      0.00        0.00        6910.14
20171129 980521524436     000501     保证金产品申购天添利       6909.14    1.000      0.00      0.00    -6909.14           1.00
20171130 A808998161     000501     配号春秋配号(100076192330)      2.00    0.000      0.00      0.00        0.00           1.00
20171130 0166956170     000501     配号设研院  (186933185)      14.00    0.000      0.00      0.00        0.00           1.00
20171130 0166956170     000501     配号深南电路(252597572)      14.00    0.000      0.00      0.00        0.00           1.00
20171130 980521524436     000501     保证金产品赎回天添利          2.00    1.000      0.00      0.00        2.00           1.00
20171130 980521524436     000501     赎回到帐天添利                0.00    0.000      0.00      0.00        2.00           3.00
20171201 0166956170     000501     红利差异税补扣东方财富        0.00    0.000      0.00      0.00       -2.00           1.00
===================================================================================================================
page 4


深圳笋岗路证券营业部 客户对帐单
客户号:0119455248  姓名:刘志鹏   货币:人民币  日期:20170701-->20171231  牛卡级别::银卡
===================================================================================================================
发生日期  股东代码      银行代码   摘                   要       成交数 成交均价    手续费  印花税等    变动金额       资金余额
20171205 A808998161     000501     配号华能配号(100109824299)      2.00    0.000      0.00      0.00        0.00           1.00
20171206 A808998161     000501     配号振静配号(100053552824)      2.00    0.000      0.00      0.00        0.00           1.00
20171206 0166956170     000501     证券卖出东方财富            500.00   14.050      5.00      7.03     7012.97        7013.97
20171206 980521524436     000501     保证金产品申购天添利       7012.97    1.000      0.00      0.00    -7012.97           1.00
20171207 0166956170     000501     红利差异税扣税东方财富        0.00    0.000      0.00      0.00       -0.80           0.20
20171207 0166956170     000501     证券买入歌尔股份            500.00   18.000      5.00      0.00    -9005.00       -9004.80
20171207 980521524436     000501     股息入帐天添利                0.00    0.000      0.00      0.00        2.15       -9002.65
20171207 0166956170     000501     配号名臣健康(33076884)       13.00    0.000      0.00      0.00        0.00       -9002.65
20171207 0166956170     000501     配号蒙娜丽莎(53347267)       13.00    0.000      0.00      0.00        0.00       -9002.65
20171207 980521524436     000501     保证金产品赎回天添利       9005.80    1.000      0.00      0.00     9005.80       -9002.65
20171207 980521524436     000501     赎回到帐天添利                0.00    0.000      0.00      0.00     9005.80           3.15
20171208 0166956170     000501     证券卖出歌尔股份            500.00   18.320      5.00      9.16     9145.84        9148.99
20171208 980521524436     000501     保证金产品申购天添利       9147.99    1.000      0.00      0.00    -9147.99           1.00
20171213 A808998161     000501     配号赛腾配号(100034771540)      2.00    0.000      0.00      0.00        0.00           1.00
20171214 0166956170     000501     证券买入中国长城           1000.00    7.110      5.00      0.00    -7115.00       -7114.00
20171214 0166956170     000501     配号中石科技(121998671)      12.00    0.000      0.00      0.00        0.00       -7114.00
20171214 0166956170     000501     配号德赛西威(266698816)      12.00    0.000      0.00      0.00        0.00       -7114.00
20171214 980521524436     000501     保证金产品赎回天添利       7115.00    1.000      0.00      0.00     7115.00       -7114.00
20171214 980521524436     000501     赎回到帐天添利                0.00    0.000      0.00      0.00     7115.00           1.00
20171215 0166956170     000501     配号联诚精密(142271428)      12.00    0.000      0.00      0.00        0.00           1.00
20171219 A808998161     000501     配号朗博配号(100032326873)      2.00    0.000      0.00      0.00        0.00           1.00
20171219 0166956170     000501     证券卖出高伟达              300.00    9.980      5.00      2.99     2986.01        2987.01
20171219 0166956170     000501     配号光弘科技(125552380)      12.00    0.000      0.00      0.00        0.00        2987.01
20171219 980521524436     000501     保证金产品申购天添利       2986.01    1.000      0.00      0.00    -2986.01           1.00
20171220 0166956170     000501     红利差异税扣税高伟达          0.00    0.000      0.00      0.00       -0.16           0.84
20171220 A808998161     000501     配号雅仕配号(100031856644)      2.00    0.000      0.00      0.00        0.00           0.84
20171220 0166956170     000501     证券买入中国长城           1000.00    6.800      5.00      0.00    -6805.00       -6804.16
20171220 0166956170     000501     配号伊戈尔  (73208796)       12.00    0.000      0.00      0.00        0.00       -6804.16
20171220 980521524436     000501     保证金产品赎回天添利       6805.16    1.000      0.00      0.00     6805.16       -6804.16
20171220 980521524436     000501     赎回到帐天添利                0.00    0.000      0.00      0.00     6805.16           1.00
20171221 A808998161     000501     配号火炬配号(100027689331)      2.00    0.000      0.00      0.00        0.00           1.00
20171226 A808998161     000501     配号科华配号(100014319916)      2.00    0.000      0.00      0.00        0.00           1.00
20171226 0166956170     000501     证券卖出高伟达              200.00    9.380      5.00      1.88     1869.12        1870.12
20171226 0166956170     000501     证券卖出中国长城           1000.00    6.500      5.00      6.50     6488.50        8358.62
20171226 0166956170     000501     配号鹏鹞环保(40492542)       12.00    0.000      0.00      0.00        0.00        8358.62
20171226 0166956170     000501     配号润都股份(28761020)       12.00    0.000      0.00      0.00        0.00        8358.62
20171226 980521524436     000501     保证金产品申购天添利       8357.62    1.000      0.00      0.00    -8357.62           1.00
20171228 0166956170     000501     配号百华悦邦(13947576)       11.00    0.000      0.00      0.00        0.00           1.00


深圳笋岗路证券营业部 客户托管情况
客户号:0119455248  姓名:刘志鹏                 货币:人民币  日期:20170701-->20171231  牛卡级别::银卡
===================================================================================================================
股东代码   证券代码及名称        库存数     当日买入   买入价    当日卖出   卖出价      可用数量            市值  成本价
A808998161 600031-三一重工      1500.00        0.00    0.000        0.00    0.000       1500.00        12495.00   8.386
A808998161 600068-  葛洲坝      1000.00        0.00    0.000        0.00    0.000       1000.00         9160.00   9.330
A808998161 600095-  哈高科       500.00        0.00    0.000        0.00    0.000        500.00         2880.00  16.814
A808998161 600118-中国卫星       300.00        0.00    0.000        0.00    0.000        300.00         6504.00  23.344
A808998161 601599-鹿港文化       500.00        0.00    0.000        0.00    0.000        500.00         3145.00  25.230
A808998161 601918-新集能源      2000.00        0.00    0.000        0.00    0.000       2000.00         6960.00   9.438
A808998161 601988-中国银行      1000.00        0.00    0.000        0.00    0.000       1000.00         4170.00   4.245
0166956170 000547-航天发展       497.00        0.00    0.000        0.00    0.000        497.00         5382.51  15.382
0166956170 000776-广发证券       500.00        0.00    0.000        0.00    0.000        500.00         8390.00  16.830
0166956170 002241-歌尔股份      1000.00        0.00    0.000        0.00    0.000       1000.00        15410.00  13.527
0166956170 002546-新联电子      3000.00        0.00    0.000        0.00    0.000       3000.00        13800.00   7.152
0166956170 002566-益盛药业       500.00        0.00    0.000        0.00    0.000        500.00         4035.00  12.455
===================================================================================================================
page 5


深圳笋岗路证券营业部 客户托管情况
客户号:0119455248  姓名:刘志鹏                 货币:人民币  日期:20170701-->20171231  牛卡级别::银卡
===================================================================================================================
股东代码   证券代码及名称        库存数     当日买入   买入价    当日卖出   卖出价      可用数量            市值  成本价
0166956170 300043-星辉娱乐       500.00        0.00    0.000        0.00    0.000        500.00         2895.00  19.266
0166956170 300058-蓝色光标       500.00        0.00    0.000        0.00    0.000        500.00         4095.00   8.110
0166956170 300079-数码科技      1000.00        0.00    0.000        0.00    0.000       1000.00         3820.00   6.618
===================================================================================================================
注意：股票库存数为昨日余额，当日买卖和市值仅供参考，具体数据以登记公司为准。
===================================================================================================================
资金余额:               1.00                            市值:          103141.51
可用资金:            2975.35               可用资金+市值合计:          106116.86
买入未交收金额:               0.00                  卖出未交收金额:               0.00
第6页