


深圳笋岗路证券营业部 客户对帐单
客户号:0119455248  姓名:刘志鹏   货币:人民币  日期:20150701-->20151231  牛卡级别::银卡
===================================================================================================================
发生日期  股东代码      银行代码   摘                   要       成交数 成交均价    手续费  印花税等    变动金额       资金余额
20150701 A808998161     000501     证券买入伊利股份            500.00   18.700      5.00      0.30    -9355.30       -9354.30
20150701 A808998161     000501     证券卖出伊利股份            500.00   19.050      5.00      9.83     9510.17         155.87
20150701 A808998161     000501     证券买入中信证券            400.00   26.860      5.37      0.24   -10749.61      -10593.74
20150701 A808998161     000501     证券买入中信证券            200.00   26.600      5.00      0.12    -5325.12      -15918.86
20150701 A808998161     000501     证券买入上海医药            200.00   21.500      5.00      0.12    -4305.12      -20223.98
20150701 980521524436     000501     保证金产品赎回天添利      20224.98    1.000      0.00      0.00    20224.98      -20223.98
20150701 980521524436     000501     赎回到帐天添利                0.00    0.000      0.00      0.00    20224.98           1.00
20150702                000501     银行转存                      0.00    0.000      0.00      0.00     5000.00        5001.00
20150702 A808998161     000501     证券买入上海医药            200.00   18.950      5.00      0.12    -3795.12        1205.88
20150702 980521524436     000501     保证金产品申购天添利       1204.88    1.000      0.00      0.00    -1204.88           1.00
20150706 A808998161     000501     证券卖出中信证券            500.00   26.833      6.71     13.71    13396.20       13397.20
20150706 980521524436     000501     保证金产品申购天添利      13396.20    1.000      0.00      0.00   -13396.20           1.00
20150707 A808998161     000501     证券买入上海医药            500.00   16.950      5.00      0.30    -8480.30       -8479.30
20150707 A808998161     000501     证券卖出上海医药            500.00   17.360      5.00      8.98     8666.02         186.72
20150707 980521524436     000501     保证金产品申购天添利        185.72    1.000      0.00      0.00     -185.72           1.00
20150708 A808998161     000501     证券买入上海医药            500.00   16.380      5.00      0.30    -8195.30       -8194.30
20150708 980521524436     000501     股息入帐天添利                0.00    0.000      0.00      0.00        3.78       -8190.52
20150708 980521524436     000501     保证金产品赎回天添利       8195.30    1.000      0.00      0.00     8195.30       -8190.52
20150708 980521524436     000501     赎回到帐天添利                0.00    0.000      0.00      0.00     8195.30           4.78
20150709 A808998161     000501     证券卖出上海医药            500.00   16.500      5.00      8.55     8236.45        8241.23
20150709 A808998161     000501     证券卖出上海医药            500.00   17.950      5.00      9.28     8960.72       17201.95
20150709 A808998161     000501     证券卖出上海医药           1000.00   17.990      9.00     18.59    17962.41       35164.36
20150709 980521524436     000501     保证金产品申购天添利      35163.36    1.000      0.00      0.00   -35163.36           1.00
20150710 A808998161     000501     证券买入中信证券            500.00   26.480      6.62      0.30   -13246.92      -13245.92
20150710 A808998161     000501     证券卖出中信证券            500.00   27.020      6.76     13.81    13489.43         243.51
20150710 0166956170     000501     证券买入格力电器            500.00   23.760      5.94      0.00   -11885.94      -11642.43
20150710 980521524436     000501     保证金产品赎回天添利      11665.18    1.000      0.00      0.00    11665.18      -11642.43
20150710 980521524436     000501     赎回到帐天添利                0.00    0.000      0.00      0.00    11665.18          22.75
20150713 A808998161     000501     证券买入上海医药            500.00   20.940      5.24      0.30   -10475.54      -10452.79
20150713 A808998161     000501     证券买入中信证券            500.00   27.500      6.88      0.30   -13757.18      -24209.97
20150713 A808998161     000501     证券卖出上海医药            500.00   20.800      5.20     10.70    10384.10      -13825.87
20150713 A808998161     000501     证券买入伊利股份            500.00   19.410      5.00      0.30    -9710.30      -23536.17
20150713 A808998161     000501     证券买入上海医药            300.00   21.760      5.00      0.18    -6533.18      -30069.35
20150713 A808998161     000501     红利差异税补扣上海医药        0.00    0.000      0.00      0.00      -21.75      -30091.10
20150713 980521524436     000501     保证金产品赎回天添利      30092.10    1.000      0.00      0.00    30092.10      -30091.10
20150713 980521524436     000501     赎回到帐天添利                0.00    0.000      0.00      0.00    30092.10           1.00
20150714 A808998161     000501     证券卖出上海医药            300.00   22.000      5.00      6.78     6588.22        6589.22
20150714 A808998161     000501     证券买入上海医药            300.00   21.550      5.00      0.18    -6470.18         119.04
20150714 A808998161     000501     证券卖出上海医药            300.00   21.800      5.00      6.72     6528.28        6647.32
20150714 A808998161     000501     证券买入伊利股份            300.00   18.540      5.00      0.18    -5567.18        1080.14
20150714 980521524436     000501     保证金产品申购天添利       1079.14    1.000      0.00      0.00    -1079.14           1.00
20150716 A808998161     000501     证券买入三一重工            200.00    7.190      5.00      0.12    -1443.12       -1442.12
20150716 980521524436     000501     保证金产品赎回天添利       1443.12    1.000      0.00      0.00     1443.12       -1442.12
20150716 980521524436     000501     赎回到帐天添利                0.00    0.000      0.00      0.00     1443.12           1.00
20150717 A808998161     000501     证券卖出三一重工            200.00    7.750      5.00      1.67     1543.33        1544.33
20150717 980521524436     000501     保证金产品申购天添利       1543.33    1.000      0.00      0.00    -1543.33           1.00
20150722 A808998161     000501     证券卖出伊利股份            800.00   18.700      7.48     15.44    14937.08       14938.08
20150722 A808998161     000501     证券买入上海医药            500.00   21.930      5.48      0.30   -10970.78        3967.30
20150722 980521524436     000501     保证金产品申购天添利       3966.30    1.000      0.00      0.00    -3966.30           1.00
20150723 A808998161     000501     证券买入伊利股份            300.00   18.420      5.00      0.18    -5531.18       -5530.18
20150723 A808998161     000501     证券卖出伊利股份            300.00   18.750      5.00      5.81     5614.19          84.01
20150723 A808998161     000501     证券卖出上海医药            500.00   22.550      5.64     11.58    11257.78       11341.79
20150723 980521524436     000501     保证金产品申购天添利      11340.79    1.000      0.00      0.00   -11340.79           1.00
20150724 A808998161     000501     证券买入中信证券            200.00   24.350      5.00      0.12    -4875.12       -4874.12
===================================================================================================================
page 1


深圳笋岗路证券营业部 客户对帐单
客户号:0119455248  姓名:刘志鹏   货币:人民币  日期:20150701-->20151231  牛卡级别::银卡
===================================================================================================================
发生日期  股东代码      银行代码   摘                   要       成交数 成交均价    手续费  印花税等    变动金额       资金余额
20150724 A808998161     000501     证券卖出中信证券            200.00   23.900      5.00      4.90     4770.10        -104.02
20150724 0166956170     000501     证券买入格力电器            500.00   23.900      5.98      0.00   -11955.98      -12060.00
20150724 0166956170     000501     证券卖出格力电器            500.00   23.300      5.83     11.65    11632.52        -427.48
20150724 980521524436     000501     保证金产品赎回天添利        428.48    1.000      0.00      0.00      428.48        -427.48
20150724 980521524436     000501     赎回到帐天添利                0.00    0.000      0.00      0.00      428.48           1.00
20150727 A808998161     000501     证券买入上海医药            500.00   21.300      5.33      0.30   -10655.63      -10654.63
20150727 A808998161     000501     证券买入中信证券            200.00   23.090      5.00      0.12    -4623.12      -15277.75
20150727 980521524436     000501     保证金产品赎回天添利      15278.75    1.000      0.00      0.00    15278.75      -15277.75
20150727 980521524436     000501     赎回到帐天添利                0.00    0.000      0.00      0.00    15278.75           1.00
20150728                000501     银行转存                      0.00    0.000      0.00      0.00    20000.00       20001.00
20150728                000501     银行转取                      0.00    0.000      0.00      0.00    -5000.00       15001.00
20150728 A808998161     000501     证券买入中信证券            300.00   21.900      5.00      0.18    -6575.18        8425.82
20150728 A808998161     000501     证券卖出中信证券            500.00   22.500      5.63     11.55    11232.82       19658.64
20150728 980521524436     000501     保证金产品申购天添利      19657.64    1.000      0.00      0.00   -19657.64           1.00
20150729 A808998161     000501     证券买入伊利股份            500.00   16.900      5.00      0.30    -8455.30       -8454.30
20150729 A808998161     000501     证券买入中信证券            500.00   21.450      5.36      0.30   -10730.66      -19184.96
20150729 A808998161     000501     证券卖出中信证券            500.00   21.650      5.41     11.13    10808.46       -8376.50
20150729 A808998161     000501     证券卖出伊利股份            500.00   17.150      5.00      8.88     8561.12         184.62
20150729 980521524436     000501     保证金产品申购天添利        183.62    1.000      0.00      0.00     -183.62           1.00
20150730 A808998161     000501     证券买入中信证券            300.00   21.390      5.00      0.18    -6422.18       -6421.18
20150730 A808998161     000501     证券卖出中信证券            300.00   20.880      5.00      6.44     6252.56        -168.62
20150730 980521524436     000501     保证金产品赎回天添利        169.62    1.000      0.00      0.00      169.62        -168.62
20150730 980521524436     000501     赎回到帐天添利                0.00    0.000      0.00      0.00      169.62           1.00
20150731 A808998161     000501     证券买入伊利股份            500.00   16.850      5.00      0.30    -8430.30       -8429.30
20150731 A808998161     000501     证券买入中信证券            500.00   20.750      5.19      0.30   -10380.49      -18809.79
20150731 A808998161     000501     证券卖出伊利股份            500.00   16.980      5.00      8.79     8476.21      -10333.58
20150731 A808998161     000501     证券买入中信证券            500.00   20.750      5.19      0.30   -10380.49      -20714.07
20150731 980521524436     000501     保证金产品赎回天添利      20715.07    1.000      0.00      0.00    20715.07      -20714.07
20150731 980521524436     000501     赎回到帐天添利                0.00    0.000      0.00      0.00    20715.07           1.00
20150804 A808998161     000501     证券卖出上海医药            500.00   21.600      5.40     11.02    10783.58       10784.58
20150804 A808998161     000501     证券卖出中信证券           1000.00   21.000     10.50     21.42    20968.08       31752.66
20150804 0166956170     000501     证券买入歌尔声学            100.00   31.100      5.00      0.00    -3115.00       28637.66
20150804 980521524436     000501     保证金产品申购天添利      28636.66    1.000      0.00      0.00   -28636.66           1.00
20150805 A808998161     000501     证券买入伊利股份            500.00   17.600      5.00      0.18    -8805.18       -8804.18
20150805 0166956170     000501     证券买入歌尔声学            100.00   30.000      5.00      0.00    -3005.00      -11809.18
20150805 980521524436     000501     保证金产品赎回天添利      11810.18    1.000      0.00      0.00    11810.18      -11809.18
20150805 980521524436     000501     赎回到帐天添利                0.00    0.000      0.00      0.00    11810.18           1.00
20150806 A808998161     000501     证券买入中信证券            500.00   19.890      5.00      0.20    -9950.20       -9949.20
20150806 0166956170     000501     证券买入歌尔声学            100.00   29.300      5.00      0.00    -2935.00      -12884.20
20150806 980521524436     000501     保证金产品赎回天添利      12885.20    1.000      0.00      0.00    12885.20      -12884.20
20150806 980521524436     000501     赎回到帐天添利                0.00    0.000      0.00      0.00    12885.20           1.00
20150807 A808998161     000501     证券卖出中信证券            500.00   20.500      5.13     10.46    10234.41       10235.41
20150807 980521524436     000501     股息入帐天添利                0.00    0.000      0.00      0.00       14.41       10249.82
20150807 980521524436     000501     保证金产品申购天添利      10234.41    1.000      0.00      0.00   -10234.41          15.41
20150810 A808998161     000501     证券卖出伊利股份            500.00   17.940      5.00      9.15     8955.85        8971.26
20150810 A808998161     000501     证券卖出中信证券            500.00   22.310      5.58     11.38    11138.04       20109.30
20150810 0166956170     000501     证券卖出歌尔声学            200.00   31.600      5.00      6.32     6308.68       26417.98
20150810 980521524436     000501     保证金产品申购天添利      26416.98    1.000      0.00      0.00   -26416.98           1.00
20150811 A808998161     000501     证券买入中信证券            500.00   22.200      5.55      0.22   -11105.77      -11104.77
20150811 A808998161     000501     证券买入伊利股份            500.00   18.050      5.00      0.18    -9030.18      -20134.95
20150811 A808998161     000501     证券买入上海医药            200.00   22.050      5.00      0.09    -4415.09      -24550.04
20150811 0166956170     000501     证券买入歌尔声学            100.00   31.360      5.00      0.00    -3141.00      -27691.04
20150811 0166956170     000501     证券买入格力电器            500.00   23.550      5.89      0.00   -11780.89      -39471.93
20150811 980521524436     000501     保证金产品赎回天添利      39472.93    1.000      0.00      0.00    39472.93      -39471.93
===================================================================================================================
page 2


深圳笋岗路证券营业部 客户对帐单
客户号:0119455248  姓名:刘志鹏   货币:人民币  日期:20150701-->20151231  牛卡级别::银卡
===================================================================================================================
发生日期  股东代码      银行代码   摘                   要       成交数 成交均价    手续费  印花税等    变动金额       资金余额
20150811 980521524436     000501     赎回到帐天添利                0.00    0.000      0.00      0.00    39472.93           1.00
20150812 A808998161     000501     证券卖出中信证券            500.00   22.400      5.60     11.42    11182.98       11183.98
20150812 0166956170     000501     证券买入格力电器            500.00   23.030      5.76      0.00   -11520.76        -336.78
20150812 980521524436     000501     保证金产品赎回天添利        337.78    1.000      0.00      0.00      337.78        -336.78
20150812 980521524436     000501     赎回到帐天添利                0.00    0.000      0.00      0.00      337.78           1.00
20150813 A808998161     000501     证券卖出上海医药            200.00   22.150      5.00      4.52     4420.48        4421.48
20150813 A808998161     000501     证券买入伊利股份            300.00   17.470      5.00      0.10    -5246.10        -824.62
20150813 A808998161     000501     证券卖出伊利股份            800.00   17.660      7.06     14.41    14106.53       13281.91
20150813 0166956170     000501     证券卖出格力电器            500.00   22.930      5.73     11.47    11447.80       24729.71
20150813 0166956170     000501     证券卖出歌尔声学            100.00   32.150      5.00      3.22     3206.78       27936.49
20150813 A808998161     000501     股息入帐中信证券              0.00    0.000      0.00      0.00      133.88       28070.37
20150813 980521524436     000501     保证金产品申购天添利      27935.49    1.000      0.00      0.00   -27935.49         134.88
20150814 A808998161     000501     证券买入XD中信证            500.00   21.830      5.46      0.22   -10920.68      -10785.80
20150814 A808998161     000501     证券卖出XD中信证            500.00   22.420      5.61     11.43    11192.96         407.16
20150814 0166956170     000501     证券买入格力电器            500.00   22.600      5.65      0.00   -11305.65      -10898.49
20150814 0166956170     000501     证券买入奥拓电子            100.00   11.940      5.00      0.00    -1199.00      -12097.49
20150814 0166956170     000501     证券买入歌尔声学            100.00   32.230      5.00      0.00    -3228.00      -15325.49
20150814 980521524436     000501     保证金产品赎回天添利      15326.49    1.000      0.00      0.00    15326.49      -15325.49
20150814 980521524436     000501     赎回到帐天添利                0.00    0.000      0.00      0.00    15326.49           1.00
20150817 0166956170     000501     证券卖出歌尔声学            100.00   32.430      5.00      3.24     3234.76        3235.76
20150817 980521524436     000501     保证金产品赎回天添利       7885.80    1.000      0.00      0.00     7885.80        3235.76
20150817 980521524436     000501     赎回到帐天添利                0.00    0.000      0.00      0.00     7885.80       11121.56
20150818 A808998161     000501     证券买入伊利股份            300.00   17.020      5.00      0.10    -5111.10        6010.46
20150818 0166956170     000501     证券买入歌尔声学            100.00   31.850      5.00      0.00    -3190.00        2820.46
20150818 0166956170     000501     证券买入歌尔声学            100.00   31.720      5.00      0.00    -3177.00        -356.54
20150818 0166956170     000501     证券买入奥拓电子            100.00   11.920      5.00      0.00    -1197.00       -1553.54
20150818 0166956170     000501     证券买入歌尔声学            100.00   29.330      5.00      0.00    -2938.00       -4491.54
20150818 0166956170     000501     证券买入奥拓电子            100.00   11.910      5.00      0.00    -1196.00       -5687.54
20150818 980521524436     000501     保证金产品赎回天添利       5688.54    1.000      0.00      0.00     5688.54       -5687.54
20150818 980521524436     000501     赎回到帐天添利                0.00    0.000      0.00      0.00     5688.54           1.00
20150825                000501     银行转存                      0.00    0.000      0.00      0.00    10000.00       10001.00
20150825 A808998161     000501     证券买入伊利股份            200.00   13.330      5.00      0.05    -2671.05        7329.95
20150825 A808998161     000501     证券买入中信证券            500.00   14.740      5.00      0.15    -7375.15         -45.20
20150825 0166956170     000501     证券卖出格力电器            500.00   17.500      5.00      8.75     8736.25        8691.05
20150825 0166956170     000501     证券买入格力电器            500.00   17.250      5.00      0.00    -8630.00          61.05
20150825 0166956170     000501     证券卖出格力电器           1000.00   17.600      8.80     17.60    17573.60       17634.65
20150825 0166956170     000501     证券买入格力电器            500.00   16.810      5.00      0.00    -8410.00        9224.65
20150825 980521524436     000501     保证金产品申购天添利       9223.65    1.000      0.00      0.00    -9223.65           1.00
20150826 A808998161     000501     证券卖出中信证券            500.00   15.100      5.00      7.70     7537.30        7538.30
20150826 A808998161     000501     证券卖出伊利股份            500.00   14.410      5.00      7.35     7192.65       14730.95
20150826 A808998161     000501     证券卖出上海医药            500.00   17.200      5.00      8.77     8586.23       23317.18
20150826 A808998161     000501     证券卖出伊利股份           1000.00   14.520      7.26     14.81    14497.93       37815.11
20150826 A808998161     000501     证券卖出伊利股份            500.00   14.520      5.00      7.41     7247.59       45062.70
20150826 A808998161     000501     证券买入中信证券            500.00   14.410      5.00      0.14    -7210.14       37852.56
20150826 A808998161     000501     证券买入上海医药            500.00   16.740      5.00      0.17    -8375.17       29477.39
20150826 0166956170     000501     证券卖出格力电器            500.00   18.180      5.00      9.09     9075.91       38553.30
20150826 0166956170     000501     证券卖出格力电器            400.00   18.670      5.00      7.46     7455.54       46008.84
20150826 0166956170     000501     证券买入歌尔声学            100.00   21.620      5.00      0.00    -2167.00       43841.84
20150826 0166956170     000501     证券买入奥拓电子            200.00    8.300      5.00      0.00    -1665.00       42176.84
20150826 0166956170     000501     证券买入格力电器            500.00   18.450      5.00      0.00    -9230.00       32946.84
20150826 980521524436     000501     保证金产品申购天添利      32945.84    1.000      0.00      0.00   -32945.84           1.00
20150827                000501     保证金产品快速取款            0.00    0.000      0.00      0.00    10000.00       10001.00
20150827                000501     银行转取                      0.00    0.000      0.00      0.00   -10000.00           1.00
20150827 A808998161     000501     证券卖出上海医药            500.00   17.050      5.00      8.70     8511.30        8512.30
===================================================================================================================
page 3


深圳笋岗路证券营业部 客户对帐单
客户号:0119455248  姓名:刘志鹏   货币:人民币  日期:20150701-->20151231  牛卡级别::银卡
===================================================================================================================
发生日期  股东代码      银行代码   摘                   要       成交数 成交均价    手续费  印花税等    变动金额       资金余额
20150827 A808998161     000501     证券卖出伊利股份            400.00   15.080      5.00      6.15     6020.85       14533.15
20150827 A808998161     000501     证券卖出中信证券            500.00   14.980      5.00      7.64     7477.36       22010.51
20150827 A808998161     000501     证券卖出中信证券            400.00   15.330      5.00      6.25     6120.75       28131.26
20150827 A808998161     000501     证券卖出上海医药            400.00   17.690      5.00      7.22     7063.78       35195.04
20150827 0166956170     000501     证券卖出格力电器            100.00   18.570      5.00      1.86     1850.14       37045.18
20150827 0166956170     000501     证券卖出格力电器            400.00   18.890      5.00      7.56     7543.44       44588.62
20150827 0166956170     000501     证券卖出奥拓电子            400.00    8.300      5.00      3.32     3311.68       47900.30
20150827 980521524436     000501     保证金份额转让划出天添利  10000.00    1.000      0.00      0.00        0.00       47900.30
20150827 980521524436     000501     保证金产品申购天添利      47899.30    1.000      0.00      0.00   -47899.30           1.00
20150828 A808998161     000501     证券买入上海医药            500.00   18.788      5.00      0.19    -9399.19       -9398.19
20150828 A808998161     000501     证券买入伊利股份            500.00   15.980      5.00      0.16    -7995.16      -17393.35
20150828 0166956170     000501     证券买入奥拓电子            500.00    8.890      5.00      0.00    -4450.00      -21843.35
20150828 0166956170     000501     证券买入歌尔声学            100.00   22.640      5.00      0.00    -2269.00      -24112.35
20150828 0166956170     000501     证券买入格力电器            500.00   19.660      5.00      0.00    -9835.00      -33947.35
20150828 980521524436     000501     保证金产品赎回天添利      33969.49    1.000      0.00      0.00    33969.49      -33947.35
20150828 980521524436     000501     赎回到帐天添利                0.00    0.000      0.00      0.00    33969.49          22.14
20150831 A808998161     000501     证券买入中信证券            500.00   15.160      5.00      0.15    -7585.15       -7563.01
20150831 A808998161     000501     证券买入中信证券            400.00   14.830      5.00      0.12    -5937.12      -13500.13
20150831 A808998161     000501     证券买入伊利股份            400.00   15.350      5.00      0.12    -6145.12      -19645.25
20150831 A808998161     000501     证券买入上海医药            400.00   18.120      5.00      0.14    -7253.14      -26898.39
20150831 A808998161     000501     证券买入中信证券            100.00   14.600      5.00      0.03    -1465.03      -28363.42
20150831 0166956170     000501     证券买入格力电器            500.00   18.090      5.00      0.00    -9050.00      -37413.42
20150831 0166956170     000501     证券买入奥拓电子            500.00    8.570      5.00      0.00    -4290.00      -41703.42
20150831 A808998161     000501     红利差异税补扣中信证券        0.00    0.000      0.00      0.00      -21.14      -41724.56
20150831 980521524436     000501     保证金产品赎回天添利      41725.56    1.000      0.00      0.00    41725.56      -41724.56
20150831 980521524436     000501     赎回到帐天添利                0.00    0.000      0.00      0.00    41725.56           1.00
20150901 A808998161     000501     证券卖出中信证券            500.00   15.240      5.00      7.77     7607.23        7608.23
20150901 A808998161     000501     证券卖出伊利股份            400.00   16.190      5.00      6.61     6464.39       14072.62
20150901 A808998161     000501     证券卖出上海医药            400.00   18.660      5.00      7.61     7451.39       21524.01
20150901 0166956170     000501     证券买入奥拓电子            400.00    7.740      5.00      0.00    -3101.00       18423.01
20150901 0166956170     000501     证券卖出格力电器            500.00   18.120      5.00      9.06     9045.94       27468.95
20150901 0166956170     000501     证券卖出歌尔声学            500.00   23.650      5.91     11.83    11807.26       39276.21
20150901 980521524436     000501     保证金产品申购天添利      39275.21    1.000      0.00      0.00   -39275.21           1.00
20150902 A808998161     000501     证券卖出上海医药            500.00   19.060      5.00      9.72     9515.28        9516.28
20150902 A808998161     000501     证券卖出伊利股份            500.00   15.970      5.00      8.15     7971.85       17488.13
20150902 980521524436     000501     保证金产品申购天添利      17487.13    1.000      0.00      0.00   -17487.13           1.00
20150907 A808998161     000501     证券买入伊利股份            500.00   15.080      5.00      0.15    -7545.15       -7544.15
20150907 A808998161     000501     证券买入国电南自            500.00    7.298      5.00      0.07    -3654.07      -11198.22
20150907 A808998161     000501     证券买入上海医药            500.00   18.320      5.00      0.18    -9165.18      -20363.40
20150907 0166956170     000501     证券买入格力电器            500.00   17.380      5.00      0.00    -8695.00      -29058.40
20150907 980521524436     000501     保证金产品赎回天添利      29059.40    1.000      0.00      0.00    29059.40      -29058.40
20150907 980521524436     000501     赎回到帐天添利                0.00    0.000      0.00      0.00    29059.40           1.00
20150908 A808998161     000501     证券卖出国电南自            500.00    7.450      5.00      3.80     3716.20        3717.20
20150908 A808998161     000501     证券卖出上海医药            500.00   18.750      5.00      9.57     9360.43       13077.63
20150908 A808998161     000501     证券卖出伊利股份            500.00   15.300      5.00      7.80     7637.20       20714.83
20150908 A808998161     000501     证券卖出中信证券            500.00   14.940      5.00      7.62     7457.38       28172.21
20150908 0166956170     000501     证券卖出奥拓电子            500.00    7.850      5.00      3.93     3916.07       32088.28
20150908 0166956170     000501     证券卖出格力电器            500.00   17.470      5.00      8.73     8721.27       40809.55
20150908 980521524436     000501     保证金产品申购天添利      40808.55    1.000      0.00      0.00   -40808.55           1.00
20150909 A808998161     000501     证券买入太极集团            500.00   17.350      5.00      0.17    -8680.17       -8679.17
20150909 0166956170     000501     证券买入益盛药业            500.00   15.750      5.00      0.00    -7880.00      -16559.17
20150909 0166956170     000501     证券买入奥拓电子           1000.00    8.450      5.00      0.00    -8455.00      -25014.17
20150909 980521524436     000501     股息入帐天添利                0.00    0.000      0.00      0.00       27.16      -24987.01
20150909 980521524436     000501     保证金产品赎回天添利      25015.17    1.000      0.00      0.00    25015.17      -24987.01
===================================================================================================================
page 4


深圳笋岗路证券营业部 客户对帐单
客户号:0119455248  姓名:刘志鹏   货币:人民币  日期:20150701-->20151231  牛卡级别::银卡
===================================================================================================================
发生日期  股东代码      银行代码   摘                   要       成交数 成交均价    手续费  印花税等    变动金额       资金余额
20150909 980521524436     000501     赎回到帐天添利                0.00    0.000      0.00      0.00    25015.17          28.16
20150910 A808998161     000501     证券买入国电南自            500.00    8.000      5.00      0.08    -4005.08       -3976.92
20150910 A808998161     000501     证券买入伊利股份            500.00   15.800      5.00      0.16    -7905.16      -11882.08
20150910 A808998161     000501     证券买入上海能源            500.00    9.800      5.00      0.10    -4905.10      -16787.18
20150910 0166956170     000501     证券买入英威腾              500.00    9.100      5.00      0.00    -4555.00      -21342.18
20150910 0166956170     000501     证券买入歌尔声学            500.00   25.350      6.34      0.00   -12681.34      -34023.52
20150910 0166956170     000501     证券买入歌尔声学            500.00   24.900      6.23      0.00   -12456.23      -46479.75
20150910 980521524436     000501     保证金产品赎回天添利      46480.75    1.000      0.00      0.00    46480.75      -46479.75
20150910 980521524436     000501     赎回到帐天添利                0.00    0.000      0.00      0.00    46480.75           1.00
20150911 A808998161     000501     证券买入岳阳林纸            100.00    7.880      5.00      0.02     -793.02        -792.02
20150911 980521524436     000501     保证金产品赎回天添利        793.02    1.000      0.00      0.00      793.02        -792.02
20150911 980521524436     000501     赎回到帐天添利                0.00    0.000      0.00      0.00      793.02           1.00
20150916 A808998161     000501     证券卖出伊利股份            500.00   16.250      5.00      8.29     8111.71        8112.71
20150916 980521524436     000501     保证金产品申购天添利       8111.71    1.000      0.00      0.00    -8111.71           1.00
20150917 0166956170     000501     证券买入歌尔声学            400.00   21.730      5.00      0.00    -8697.00       -8696.00
20150917 0166956170     000501     证券卖出歌尔声学            400.00   22.940      5.00      9.18     9161.82         465.82
20150917 980521524436     000501     保证金产品申购天添利        464.82    1.000      0.00      0.00     -464.82           1.00
20150918                000501     批量利息归本                  0.00    0.000      0.00      0.00        0.12           1.12
20150918 0166956170     000501     证券买入格力电器            500.00   16.450      5.00      0.00    -8230.00       -8228.88
20150918 0166956170     000501     证券卖出格力电器            500.00   16.510      5.00      8.26     8241.74          12.86
20150921 A808998161     000501     证券卖出上海能源            500.00   10.200      5.00      5.20     5089.80        5102.66
20150921 0166956170     000501     证券买入格力电器            500.00   16.440      5.00      0.00    -8225.00       -3122.34
20150921 0166956170     000501     证券卖出格力电器            500.00   16.640      5.00      8.32     8306.68        5184.34
20150921 980521524436     000501     保证金产品申购天添利       5183.34    1.000      0.00      0.00    -5183.34           1.00
20150922 0166956170     000501     证券买入格力电器            500.00   16.900      5.00      0.00    -8455.00       -8454.00
20150922 0166956170     000501     证券买入歌尔声学            200.00   23.740      5.00      0.00    -4753.00      -13207.00
20150922 980521524436     000501     保证金产品赎回天添利      13208.00    1.000      0.00      0.00    13208.00      -13207.00
20150922 980521524436     000501     赎回到帐天添利                0.00    0.000      0.00      0.00    13208.00           1.00
20150923 A808998161     000501     证券买入武钢股份            300.00    4.050      5.00      0.02    -1220.02       -1219.02
20150923 980521524436     000501     保证金产品赎回天添利       1220.02    1.000      0.00      0.00     1220.02       -1219.02
20150923 980521524436     000501     赎回到帐天添利                0.00    0.000      0.00      0.00     1220.02           1.00
20150925                000501     银行转存                      0.00    0.000      0.00      0.00    10000.00       10001.00
20150925 0166956170     000501     证券买入歌尔声学            200.00   21.660      5.00      0.00    -4337.00        5664.00
20150925 980521524436     000501     保证金产品申购天添利       5663.00    1.000      0.00      0.00    -5663.00           1.00
20150930 A808998161     000501     证券卖出岳阳林纸            100.00    6.750      5.00      0.69      669.31         670.31
20150930 A808998161     000501     证券卖出武钢股份            300.00    3.770      5.00      1.15     1124.85        1795.16
20150930 A808998161     000501     证券卖出国电南自            400.00    7.450      5.00      3.04     2971.96        4767.12
20150930 A808998161     000501     证券卖出太极集团            400.00   15.850      5.00      6.47     6328.53       11095.65
20150930 0166956170     000501     证券卖出歌尔声学            200.00   22.150      5.00      4.43     4420.57       15516.22
20150930 0166956170     000501     证券卖出歌尔声学            200.00   22.300      5.00      4.46     4450.54       19966.76
20150930 0166956170     000501     证券卖出格力电器            500.00   16.150      5.00      8.08     8061.92       28028.68
20150930 0166956170     000501     证券卖出歌尔声学            500.00   23.510      5.88     11.76    11737.36       39766.04
20150930 0166956170     000501     证券卖出英威腾              400.00    8.110      5.00      3.24     3235.76       43001.80
20150930 0166956170     000501     证券卖出奥拓电子            900.00    7.050      5.00      6.35     6333.65       49335.45
20150930 0166956170     000501     证券卖出益盛药业            400.00   13.180      5.00      5.27     5261.73       54597.18
20150930 980521524436     000501     保证金产品申购天添利      54596.18    1.000      0.00      0.00   -54596.18           1.00
20151008                000501     保证金产品快速取款            0.00    0.000      0.00      0.00    10000.00       10001.00
20151008                000501     银行转取                      0.00    0.000      0.00      0.00   -10000.00           1.00
20151008 A808998161     000501     证券买入安信信托            100.00   15.050      5.00      0.03    -1510.03       -1509.03
20151008 0166956170     000501     证券买入奥拓电子            500.00    7.370      5.00      0.00    -3690.00       -5199.03
20151008 980521524436     000501     保证金份额转让划出天添利  10000.00    1.000      0.00      0.00        0.00       -5199.03
20151008 980521524436     000501     保证金产品赎回天添利       5200.03    1.000      0.00      0.00     5200.03       -5199.03
20151008 980521524436     000501     赎回到帐天添利                0.00    0.000      0.00      0.00     5200.03           1.00
20151009 A808998161     000501     证券买入上海医药            400.00   18.500      5.00      0.15    -7405.15       -7404.15
===================================================================================================================
page 5


深圳笋岗路证券营业部 客户对帐单
客户号:0119455248  姓名:刘志鹏   货币:人民币  日期:20150701-->20151231  牛卡级别::银卡
===================================================================================================================
发生日期  股东代码      银行代码   摘                   要       成交数 成交均价    手续费  印花税等    变动金额       资金余额
20151009 0166956170     000501     证券卖出奥拓电子            500.00    7.760      5.00      3.88     3871.12       -3533.03
20151009 980521524436     000501     保证金产品赎回天添利       3534.03    1.000      0.00      0.00     3534.03       -3533.03
20151009 980521524436     000501     赎回到帐天添利                0.00    0.000      0.00      0.00     3534.03           1.00
20151012 A808998161     000501     证券买入国中水务           1000.00    5.270      5.00      0.11    -5275.11       -5274.11
20151012 A808998161     000501     证券买入铁龙物流            500.00    9.320      5.00      0.09    -4665.09       -9939.20
20151012 A808998161     000501     证券买入国电南自            100.00    9.280      5.00      0.02     -933.02      -10872.22
20151012 A808998161     000501     证券买入太极集团            100.00   17.550      5.00      0.04    -1760.04      -12632.26
20151012 A808998161     000501     证券买入国电南自            200.00    8.990      5.00      0.04    -1803.04      -14435.30
20151012 A808998161     000501     证券卖出太极集团            100.00   18.350      5.00      1.88     1828.12      -12607.18
20151012 0166956170     000501     证券买入益盛药业            100.00   14.190      5.00      0.00    -1424.00      -14031.18
20151012 0166956170     000501     证券买入英威腾              100.00    9.320      5.00      0.00     -937.00      -14968.18
20151012 980521524436     000501     股息入帐天添利                0.00    0.000      0.00      0.00       11.20      -14956.98
20151012 980521524436     000501     保证金产品赎回天添利      14969.18    1.000      0.00      0.00    14969.18      -14956.98
20151012 980521524436     000501     赎回到帐天添利                0.00    0.000      0.00      0.00    14969.18          12.20
20151013 A808998161     000501     证券卖出安信信托            100.00   16.390      5.00      1.67     1632.33        1644.53
20151013 A808998161     000501     证券卖出国中水务           1000.00    5.670      5.00      5.78     5659.22        7303.75
20151013 A808998161     000501     证券卖出上海医药            400.00   18.920      5.00      7.72     7555.28       14859.03
20151013 A808998161     000501     证券卖出国电南自            400.00    9.600      5.00      3.92     3831.08       18690.11
20151013 0166956170     000501     证券卖出益盛药业            100.00   14.780      5.00      1.48     1471.52       20161.63
20151013 0166956170     000501     证券卖出奥拓电子            500.00    9.000      5.00      4.50     4490.50       24652.13
20151013 980521524436     000501     保证金产品申购天添利      24651.13    1.000      0.00      0.00   -24651.13           1.00
20151014 A808998161     000501     证券买入武钢股份           1000.00    4.000      5.00      0.08    -4005.08       -4004.08
20151014 A808998161     000501     证券买入全筑股份            500.00   25.750      6.44      0.26   -12881.70      -16885.78
20151014 980521524436     000501     保证金产品赎回天添利      16886.78    1.000      0.00      0.00    16886.78      -16885.78
20151014 980521524436     000501     赎回到帐天添利                0.00    0.000      0.00      0.00    16886.78           1.00
20151015 A808998161     000501     证券卖出铁龙物流            500.00    9.780      5.00      4.99     4880.01        4881.01
20151015 0166956170     000501     证券买入平安银行            500.00   11.000      5.00      0.00    -5505.00        -623.99
20151015 0166956170     000501     证券卖出奥拓电子            500.00    9.300      5.00      4.65     4640.35        4016.36
20151015 0166956170     000501     证券买入英威腾              300.00   10.250      5.00      0.00    -3080.00         936.36
20151015 0166956170     000501     证券卖出格力电器            500.00   17.450      5.00      8.73     8711.27        9647.63
20151015 980521524436     000501     保证金产品申购天添利       9646.63    1.000      0.00      0.00    -9646.63           1.00
20151016 A808998161     000501     证券买入滨化股份            500.00    7.710      5.00      0.08    -3860.08       -3859.08
20151016 A808998161     000501     证券卖出武钢股份           1000.00    4.080      5.00      4.16     4070.84         211.76
20151016 A808998161     000501     证券卖出全筑股份            500.00   26.600      6.65     13.57    13279.78       13491.54
20151016 980521524436     000501     保证金产品申购天添利      13490.54    1.000      0.00      0.00   -13490.54           1.00
20151023 A808998161     000501     证券买入上海医药            500.00   20.010      5.00      0.20   -10010.20      -10009.20
20151023 0166956170     000501     证券卖出平安银行            500.00   11.500      5.00      5.75     5739.25       -4269.95
20151023 980521524436     000501     保证金产品赎回天添利       4270.95    1.000      0.00      0.00     4270.95       -4269.95
20151023 980521524436     000501     赎回到帐天添利                0.00    0.000      0.00      0.00     4270.95           1.00
20151026 A808998161     000501     证券买入东方金钰            500.00   13.820      5.00      0.14    -6915.14       -6914.14
20151026 A808998161     000501     证券买入太极集团            100.00   20.890      5.00      0.04    -2094.04       -9008.18
20151026 A808998161     000501     证券买入太极集团            200.00   20.450      5.00      0.08    -4095.08      -13103.26
20151026 A808998161     000501     证券买入东方金钰            500.00   13.350      5.00      0.13    -6680.13      -19783.39
20151026 0166956170     000501     证券买入格力电器            500.00   18.070      5.00      0.00    -9040.00      -28823.39
20151026 980521524436     000501     保证金产品赎回天添利      28824.39    1.000      0.00      0.00    28824.39      -28823.39
20151026 980521524436     000501     赎回到帐天添利                0.00    0.000      0.00      0.00    28824.39           1.00
20151027 0166956170     000501     证券买入奥拓电子            400.00   11.250      5.00      0.00    -4505.00       -4504.00
20151027 0166956170     000501     证券买入益盛药业            400.00   15.600      5.00      0.00    -6245.00      -10749.00
20151027 980521524436     000501     保证金产品赎回天添利      10750.00    1.000      0.00      0.00    10750.00      -10749.00
20151027 980521524436     000501     赎回到帐天添利                0.00    0.000      0.00      0.00    10750.00           1.00
20151028 A808998161     000501     证券买入江南高纤           1000.00    6.650      5.00      0.13    -6655.13       -6654.13
20151028 0166956170     000501     证券买入奥拓电子            500.00   10.900      5.00      0.00    -5455.00      -12109.13
20151028 980521524436     000501     保证金产品赎回天添利      12110.13    1.000      0.00      0.00    12110.13      -12109.13
20151028 980521524436     000501     赎回到帐天添利                0.00    0.000      0.00      0.00    12110.13           1.00
===================================================================================================================
page 6


深圳笋岗路证券营业部 客户对帐单
客户号:0119455248  姓名:刘志鹏   货币:人民币  日期:20150701-->20151231  牛卡级别::银卡
===================================================================================================================
发生日期  股东代码      银行代码   摘                   要       成交数 成交均价    手续费  印花税等    变动金额       资金余额
20151030 A808998161     000501     证券卖出江南高纤           1000.00    7.350      5.00      7.50     7337.50        7338.50
20151030 980521524436     000501     保证金产品申购天添利       7337.50    1.000      0.00      0.00    -7337.50           1.00
20151102 A808998161     000501     证券买入东方金钰            500.00   11.700      5.00      0.12    -5855.12       -5854.12
20151102 980521524436     000501     保证金产品赎回天添利       5855.12    1.000      0.00      0.00     5855.12       -5854.12
20151102 980521524436     000501     赎回到帐天添利                0.00    0.000      0.00      0.00     5855.12           1.00
20151103 0166956170     000501     证券买入拓日新能            300.00    9.800      5.00      0.00    -2945.00       -2944.00
20151103 980521524436     000501     保证金产品赎回天添利       2945.00    1.000      0.00      0.00     2945.00       -2944.00
20151103 980521524436     000501     赎回到帐天添利                0.00    0.000      0.00      0.00     2945.00           1.00
20151104 A808998161     000501     证券卖出滨化股份            500.00    7.900      5.00      4.03     3940.97        3941.97
20151104 A808998161     000501     证券卖出太极集团            400.00   22.000      5.00      8.98     8786.02       12727.99
20151104 A808998161     000501     证券买入绿城水务            500.00   19.300      5.00      0.19    -9655.19        3072.80
20151104 A808998161     000501     证券买入哈高科              500.00   12.240      5.00      0.12    -6125.12       -3052.32
20151104 0166956170     000501     证券卖出拓日新能            300.00   10.200      5.00      3.06     3051.94          -0.38
20151104 0166956170     000501     证券卖出英威腾              400.00   10.510      5.00      4.20     4194.80        4194.42
20151104 0166956170     000501     证券卖出益盛药业            400.00   16.100      5.00      6.44     6428.56       10622.98
20151104 0166956170     000501     证券卖出奥拓电子            500.00   11.190      5.00      5.60     5584.40       16207.38
20151104 980521524436     000501     保证金产品申购天添利      16206.38    1.000      0.00      0.00   -16206.38           1.00
20151105 A808998161     000501     证券买入哈高科              500.00   12.100      5.00      0.12    -6055.12       -6054.12
20151105 A808998161     000501     证券卖出绿城水务            500.00   19.710      5.00     10.05     9839.95        3785.83
20151105 A808998161     000501     证券买入东方金钰            500.00   11.830      5.00      0.12    -5920.12       -2134.29
20151105 A808998161     000501     证券买入国投新集            500.00   12.250      5.00      0.12    -6130.12       -8264.41
20151105 0166956170     000501     证券买入英威腾              100.00   10.740      5.00      0.00    -1079.00       -9343.41
20151105 0166956170     000501     证券卖出格力电器            500.00   18.690      5.00      9.35     9330.65         -12.76
20151105 0166956170     000501     证券买入益盛药业            100.00   16.100      5.00      0.00    -1615.00       -1627.76
20151105 0166956170     000501     证券卖出歌尔声学            500.00   26.508      6.63     13.25    13234.12       11606.36
20151105 0166956170     000501     证券买入奥拓电子            500.00   11.046      5.00      0.00    -5528.00        6078.36
20151105 980521524436     000501     保证金产品申购天添利       6077.36    1.000      0.00      0.00    -6077.36           1.00
20151106 A808998161     000501     证券买入绿城水务            500.00   20.750      5.19      0.21   -10380.40      -10379.40
20151106 980521524436     000501     保证金产品赎回天添利      10380.40    1.000      0.00      0.00    10380.40      -10379.40
20151106 980521524436     000501     赎回到帐天添利                0.00    0.000      0.00      0.00    10380.40           1.00
20151109 A808998161     000501     证券买入万林股份            400.00   29.750      5.95      0.24   -11906.19      -11905.19
20151109 980521524436     000501     股息入帐天添利                0.00    0.000      0.00      0.00       34.04      -11871.15
20151109 980521524436     000501     保证金产品赎回天添利      11906.19    1.000      0.00      0.00    11906.19      -11871.15
20151109 980521524436     000501     赎回到帐天添利                0.00    0.000      0.00      0.00    11906.19          35.04
20151110 A808998161     000501     证券卖出上海医药            500.00   20.620      5.16     10.52    10294.32       10329.36
20151110 A808998161     000501     证券买入绿城水务            500.00   19.910      5.00      0.20    -9960.20         369.16
20151110 0166956170     000501     证券卖出奥拓电子           1000.00   13.160      6.58     13.16    13140.26       13509.42
20151110 0166956170     000501     证券买入英威腾              200.00   10.770      5.00      0.00    -2159.00       11350.42
20151110 0166956170     000501     证券买入拓日新能            500.00   10.290      5.00      0.00    -5150.00        6200.42
20151110 980521524436     000501     保证金产品申购天添利       6199.42    1.000      0.00      0.00    -6199.42           1.00
20151111 A808998161     000501     证券买入鹿港科技            200.00   27.100      5.00      0.11    -5425.11       -5424.11
20151111 A808998161     000501     证券买入西部黄金            500.00   20.230      5.06      0.20   -10120.26      -15544.37
20151111 0166956170     000501     证券卖出拓日新能            500.00   10.600      5.00      5.30     5289.70      -10254.67
20151111 0166956170     000501     证券卖出英威腾              400.00   11.200      5.00      4.48     4470.52       -5784.15
20151111 980521524436     000501     保证金产品赎回天添利       5785.15    1.000      0.00      0.00     5785.15       -5784.15
20151111 980521524436     000501     赎回到帐天添利                0.00    0.000      0.00      0.00     5785.15           1.00
20151112 A808998161     000501     证券卖出绿城水务           1000.00   20.990     10.50     21.41    20958.09       20959.09
20151112 A808998161     000501     证券卖出西部黄金            500.00   20.440      5.11     10.42    10204.47       31163.56
20151112 A808998161     000501     证券卖出万林股份            400.00   33.390      6.68     13.63    13335.69       44499.25
20151112 A808998161     000501     证券卖出东方金钰           2000.00   12.800     12.80     26.11    25561.09       70060.34
20151112 A808998161     000501     证券买入鹿港科技            200.00   26.430      5.00      0.11    -5291.11       64769.23
20151112 0166956170     000501     证券买入金莱特              500.00   28.880      7.22      0.00   -14447.22       50322.01
20151112 980521524436     000501     保证金产品申购天添利      50321.01    1.000      0.00      0.00   -50321.01           1.00
20151113 A808998161     000501     证券买入鹿港科技            400.00   25.510      5.10      0.20   -10209.30      -10208.30
===================================================================================================================
page 7


深圳笋岗路证券营业部 客户对帐单
客户号:0119455248  姓名:刘志鹏   货币:人民币  日期:20150701-->20151231  牛卡级别::银卡
===================================================================================================================
发生日期  股东代码      银行代码   摘                   要       成交数 成交均价    手续费  印花税等    变动金额       资金余额
20151113 A808998161     000501     证券买入国投新集            500.00   11.790      5.00      0.12    -5900.12      -16108.42
20151113 0166956170     000501     证券买入金莱特              500.00   27.518      6.88      0.00   -13765.88      -29874.30
20151113 980521524436     000501     保证金产品赎回天添利      29875.30    1.000      0.00      0.00    29875.30      -29874.30
20151113 980521524436     000501     赎回到帐天添利                0.00    0.000      0.00      0.00    29875.30           1.00
20151118 0166956170     000501     证券买入恒立实业            500.00   14.140      5.00      0.00    -7075.00       -7074.00
20151118 980521524436     000501     保证金产品赎回天添利       7075.00    1.000      0.00      0.00     7075.00       -7074.00
20151118 980521524436     000501     赎回到帐天添利                0.00    0.000      0.00      0.00     7075.00           1.00
20151119 0166956170     000501     证券买入金莱特              500.00   24.420      6.11      0.00   -12216.11      -12215.11
20151119 0166956170     000501     证券卖出金莱特              500.00   25.340      6.34     12.67    12650.99         435.88
20151119 0166956170     000501     证券卖出益盛药业            100.00   17.040      5.00      1.70     1697.30        2133.18
20151119 980521524436     000501     保证金产品申购天添利       2132.18    1.000      0.00      0.00    -2132.18           1.00
20151120 0166956170     000501     证券买入荣安地产           1000.00    5.970      5.00      0.00    -5975.00       -5974.00
20151120 0166956170     000501     证券卖出恒立实业            500.00   14.800      5.00      7.40     7387.60        1413.60
20151120 980521524436     000501     保证金产品申购天添利       1412.60    1.000      0.00      0.00    -1412.60           1.00
20151123 A808998161     000501     证券买入国投新集           1000.00   11.340      5.67      0.22   -11345.89      -11344.89
20151123 0166956170     000501     证券卖出荣安地产           1000.00    6.220      5.00      6.22     6208.78       -5136.11
20151123 980521524436     000501     保证金产品赎回天添利       5137.11    1.000      0.00      0.00     5137.11       -5136.11
20151123 980521524436     000501     赎回到帐天添利                0.00    0.000      0.00      0.00     5137.11           1.00
20151124 A808998161     000501     证券买入鹿港科技            200.00   23.730      5.00      0.09    -4751.09       -4750.09
20151124 980521524436     000501     保证金产品赎回天添利       4751.09    1.000      0.00      0.00     4751.09       -4750.09
20151124 980521524436     000501     赎回到帐天添利                0.00    0.000      0.00      0.00     4751.09           1.00
20151125 0166956170     000501     证券买入歌尔声学            100.00   34.310      5.00      0.00    -3436.00       -3435.00
20151125 980521524436     000501     保证金产品赎回天添利       3436.00    1.000      0.00      0.00     3436.00       -3435.00
20151125 980521524436     000501     赎回到帐天添利                0.00    0.000      0.00      0.00     3436.00           1.00
20151126 0166956170     000501     证券买入歌尔声学            100.00   33.150      5.00      0.00    -3320.00       -3319.00
20151126 980521524436     000501     保证金产品赎回天添利       3320.00    1.000      0.00      0.00     3320.00       -3319.00
20151126 980521524436     000501     赎回到帐天添利                0.00    0.000      0.00      0.00     3320.00           1.00
20151209 980521524436     000501     股息入帐天添利                0.00    0.000      0.00      0.00       14.12          15.12


深圳笋岗路证券营业部 客户托管情况
客户号:0119455248  姓名:刘志鹏                 货币:人民币  日期:20150701-->20151231  牛卡级别::银卡
===================================================================================================================
股东代码   证券代码及名称        库存数     当日买入   买入价    当日卖出   卖出价      可用数量            市值  成本价
A808998161 600031-三一重工      1500.00        0.00    0.000        0.00    0.000       1500.00        12495.00   8.386
A808998161 600068-  葛洲坝      1000.00        0.00    0.000        0.00    0.000       1000.00         9160.00   9.330
A808998161 600095-  哈高科       500.00        0.00    0.000        0.00    0.000        500.00         2880.00  16.814
A808998161 600118-中国卫星       300.00        0.00    0.000        0.00    0.000        300.00         6504.00  23.344
A808998161 601599-鹿港文化       500.00        0.00    0.000        0.00    0.000        500.00         3145.00  25.230
A808998161 601918-新集能源      2000.00        0.00    0.000        0.00    0.000       2000.00         6960.00   9.438
A808998161 601988-中国银行      1000.00        0.00    0.000        0.00    0.000       1000.00         4170.00   4.245
0166956170 000547-航天发展       497.00        0.00    0.000        0.00    0.000        497.00         5382.51  15.382
0166956170 000776-广发证券       500.00        0.00    0.000        0.00    0.000        500.00         8390.00  16.830
0166956170 002241-歌尔股份      1000.00        0.00    0.000        0.00    0.000       1000.00        15410.00  13.527
0166956170 002546-新联电子      3000.00        0.00    0.000        0.00    0.000       3000.00        13800.00   7.152
0166956170 002566-益盛药业       500.00        0.00    0.000        0.00    0.000        500.00         4035.00  12.455
0166956170 300043-星辉娱乐       500.00        0.00    0.000        0.00    0.000        500.00         2895.00  19.266
0166956170 300058-蓝色光标       500.00        0.00    0.000        0.00    0.000        500.00         4095.00   8.110
0166956170 300079-数码科技      1000.00        0.00    0.000        0.00    0.000       1000.00         3820.00   6.618
===================================================================================================================
注意：股票库存数为昨日余额，当日买卖和市值仅供参考，具体数据以登记公司为准。
===================================================================================================================
资金余额:               1.00                            市值:          103141.51
可用资金:            2975.35               可用资金+市值合计:          106116.86
买入未交收金额:               0.00                  卖出未交收金额:               0.00
第8页