


深圳笋岗路证券营业部 客户对帐单
客户号:0119455248  姓名:刘志鹏   货币:人民币  日期:20160701-->20161231  牛卡级别::银卡
===================================================================================================================
发生日期  股东代码      银行代码   摘                   要       成交数 成交均价    手续费  印花税等    变动金额       资金余额
20160701 A808998161     000501     股息入帐哈高科                0.00    0.000      0.00      0.00        1.30           2.30
20160705 A808998161     000501     证券卖出湘电股份            500.00   13.300      5.00      6.78     6638.22        6640.52
20160705 0166956170     000501     证券买入北信源              500.00   18.700      5.00      0.00    -9355.00       -2714.48
20160705 980521524436     000501     保证金产品赎回天添利       2715.48    1.000      0.00      0.00     2715.48       -2714.48
20160705 980521524436     000501     赎回到帐天添利                0.00    0.000      0.00      0.00     2715.48           1.00
20160706 0166956170     000501     股息入帐格力电器              0.00    0.000      0.00      0.00      150.00         151.00
20160707 980521524436     000501     股息入帐天添利                0.00    0.000      0.00      0.00       10.25         161.25
20160707 0166956170     000501     配号海波重科(15788433)        8.00    0.000      0.00      0.00        0.00         161.25
20160707 980521524436     000501     保证金产品申购天添利        150.00    1.000      0.00      0.00     -150.00          11.25
20160711 A808998161     000501     证券买入金证股份            300.00   35.330      5.30      0.22   -10604.52      -10593.27
20160711 980521524436     000501     保证金产品赎回天添利      10594.27    1.000      0.00      0.00    10594.27      -10593.27
20160711 980521524436     000501     赎回到帐天添利                0.00    0.000      0.00      0.00    10594.27           1.00
20160712 A808998161     000501     证券卖出金证股份            300.00   35.750      5.36     10.94    10708.70       10709.70
20160712 0166956170     000501     证券卖出北信源              500.00   20.130      5.03     10.07    10049.90       20759.60
20160712 0166956170     000501     证券卖出万马股份            500.00   20.030      5.01     10.02     9999.97       30759.57
20160712 980521524436     000501     保证金产品申购天添利      30758.57    1.000      0.00      0.00   -30758.57           1.00
20160713 A808998161     000501     证券买入上海医药            500.00   19.406      5.00      0.20    -9708.20       -9707.20
20160713 0166956170     000501     证券买入天泽信息            500.00   26.500      6.63      0.00   -13256.63      -22963.83
20160713 0166956170     000501     配号辰安科技(22008914)        9.00    0.000      0.00      0.00        0.00      -22963.83
20160713 980521524436     000501     保证金产品赎回天添利      22972.83    1.000      0.00      0.00    22972.83      -22963.83
20160713 980521524436     000501     赎回到帐天添利                0.00    0.000      0.00      0.00    22972.83           9.00
20160714 A808998161     000501     证券卖出上海医药            500.00   19.350      5.00      9.88     9660.12        9669.12
20160714 0166956170     000501     证券卖出世联行              400.00    8.850      5.00      3.54     3531.46       13200.58
20160714 0166956170     000501     证券卖出天泽信息            500.00   26.952      6.74     13.48    13455.78       26656.36
20160714 0166956170     000501     红利差异税补扣万马股份        0.00    0.000      0.00      0.00       -2.00       26654.36
20160714 0166956170     000501     红利差异税补扣万马股份        0.00    0.000      0.00      0.00       -6.00       26648.36
20160714 0166956170     000501     配号华锋股份(47004852)        9.00    0.000      0.00      0.00        0.00       26648.36
20160714 980521524436     000501     保证金产品申购天添利      26647.36    1.000      0.00      0.00   -26647.36           1.00
20160715 A808998161     000501     证券买入抚顺特钢            500.00    7.640      5.00      0.08    -3825.08       -3824.08
20160715 0166956170     000501     证券买入东方财富            500.00   21.940      5.49      0.00   -10975.49      -14799.57
20160715 0166956170     000501     证券买入东方财富            500.00   21.200      5.30      0.00   -10605.30      -25404.87
20160715 0166956170     000501     配号博思软件(28747665)        9.00    0.000      0.00      0.00        0.00      -25404.87
20160715 980521524436     000501     保证金产品赎回天添利      25405.87    1.000      0.00      0.00    25405.87      -25404.87
20160715 980521524436     000501     赎回到帐天添利                0.00    0.000      0.00      0.00    25405.87           1.00
20160718 A808998161     000501     配号超讯配号(100020618916)      1.00    0.000      0.00      0.00        0.00           1.00
20160718 A808998161     000501     股息入帐上海医药              0.00    0.000      0.00      0.00       33.00          34.00
20160719 A808998161     000501     配号三祥配号(100017252852)      1.00    0.000      0.00      0.00        0.00          34.00
20160720 A808998161     000501     配号苏银配号(100018973032)      1.00    0.000      0.00      0.00        0.00          34.00
20160721 0166956170     000501     配号中潜股份(16477471)        9.00    0.000      0.00      0.00        0.00          34.00
20160722 0166956170     000501     配号健帆生物(65970674)        9.00    0.000      0.00      0.00        0.00          34.00
20160725 0166956170     000501     配号华舟应急(198996403)      10.00    0.000      0.00      0.00        0.00          34.00
20160726 0166956170     000501     配号幸福蓝海(247588488)      10.00    0.000      0.00      0.00        0.00          34.00
20160727 A808998161     000501     配号文轩配号(100016339798)      1.00    0.000      0.00      0.00        0.00          34.00
20160727 0166956170     000501     配号优博讯  (32427252)       10.00    0.000      0.00      0.00        0.00          34.00
20160728 A808998161     000501     配号中影配号(100039045964)      1.00    0.000      0.00      0.00        0.00          34.00
20160729 A808998161     000501     配号长久配号(100005487811)      1.00    0.000      0.00      0.00        0.00          34.00
20160729 0166956170     000501     配号达志科技(16066456)       10.00    0.000      0.00      0.00        0.00          34.00
20160803 A808998161     000501     配号广电配号(100008254888)      1.00    0.000      0.00      0.00        0.00          34.00
20160803 A808998161     000501     证券买入抚顺特钢            500.00    6.800      5.00      0.07    -3405.07       -3371.07
20160803 0166956170     000501     配号苏州恒久(10660633)       10.00    0.000      0.00      0.00        0.00       -3371.07
20160803 980521524436     000501     保证金产品赎回天添利       3372.07    1.000      0.00      0.00     3372.07       -3371.07
20160803 980521524436     000501     赎回到帐天添利                0.00    0.000      0.00      0.00     3372.07           1.00
20160804 A808998161     000501     配号贵银配号(100066672697)      1.00    0.000      0.00      0.00        0.00           1.00
20160805 A808998161     000501     配号上影配号(100025391530)      1.00    0.000      0.00      0.00        0.00           1.00
===================================================================================================================
page 1


深圳笋岗路证券营业部 客户对帐单
客户号:0119455248  姓名:刘志鹏   货币:人民币  日期:20160701-->20161231  牛卡级别::银卡
===================================================================================================================
发生日期  股东代码      银行代码   摘                   要       成交数 成交均价    手续费  印花税等    变动金额       资金余额
20160805 A808998161     000501     证券买入鹿港文化            200.00   12.250      5.00      0.05    -2455.05       -2454.05
20160805 0166956170     000501     配号今天国际(23792130)       10.00    0.000      0.00      0.00        0.00       -2454.05
20160805 980521524436     000501     保证金产品赎回天添利       2455.05    1.000      0.00      0.00     2455.05       -2454.05
20160805 980521524436     000501     赎回到帐天添利                0.00    0.000      0.00      0.00     2455.05           1.00
20160808 A808998161     000501     配号兆易配号(100007114547)      1.00    0.000      0.00      0.00        0.00           1.00
20160808 A808998161     000501     证券买入鹿港文化            400.00   11.000      5.00      0.09    -4405.09       -4404.09
20160808 980521524436     000501     保证金产品赎回天添利       4405.09    1.000      0.00      0.00     4405.09       -4404.09
20160808 980521524436     000501     赎回到帐天添利                0.00    0.000      0.00      0.00     4405.09           1.00
20160809 A808998161     000501     配号欧普配号(100068322171)      1.00    0.000      0.00      0.00        0.00           1.00
20160809 980521524436     000501     股息入帐天添利                0.00    0.000      0.00      0.00       15.14          16.14
20160809 0166956170     000501     配号冰川网络(102068352)      10.00    0.000      0.00      0.00        0.00          16.14
20160810 A808998161     000501     配号安德配号(100015400197)      1.00    0.000      0.00      0.00        0.00          16.14
20160810 0166956170     000501     配号深冷股份(34057267)       10.00    0.000      0.00      0.00        0.00          16.14
20160811 0166956170     000501     配号红墙股份(37592090)       10.00    0.000      0.00      0.00        0.00          16.14
20160812 A808998161     000501     配号花王配号(100004813008)      1.00    0.000      0.00      0.00        0.00          16.14
20160812 0166956170     000501     配号同益股份(11627570)       10.00    0.000      0.00      0.00        0.00          16.14
20160816 A808998161     000501     配号宏盛配号(100006848029)      1.00    0.000      0.00      0.00        0.00          16.14
20160816 0166956170     000501     配号山东赫达(16275397)       10.00    0.000      0.00      0.00        0.00          16.14
20160817 0166956170     000501     配号广信材料(36886998)       10.00    0.000      0.00      0.00        0.00          16.14
20160818 A808998161     000501     股息入帐中信证券              0.00    0.000      0.00      0.00       50.00          66.14
20160819 A808998161     000501     配号安图配号(100005712000)      1.00    0.000      0.00      0.00        0.00          66.14
20160819 0166956170     000501     配号横河模具(11111079)       10.00    0.000      0.00      0.00        0.00          66.14
20160824 A808998161     000501     配号正平配号(100023942882)      1.00    0.000      0.00      0.00        0.00          66.14
20160824 0166956170     000501     配号江阴银行(79965432)       10.00    0.000      0.00      0.00        0.00          66.14
20160825 0166956170     000501     配号朗科智能(43905758)       10.00    0.000      0.00      0.00        0.00          66.14
20160830 A808998161     000501     配号三角配号(100004266158)      1.00    0.000      0.00      0.00        0.00          66.14
20160830 0166956170     000501     配号亚泰国际(11339568)       10.00    0.000      0.00      0.00        0.00          66.14
20160831 A808998161     000501     配号新天配号(100016263684)      1.00    0.000      0.00      0.00        0.00          66.14
20160831 0166956170     000501     配号创新股份(37394084)       10.00    0.000      0.00      0.00        0.00          66.14
20160901 A808998161     000501     配号振华配号(100052558059)      1.00    0.000      0.00      0.00        0.00          66.14
20160901 0166956170     000501     配号陇神戎发(64554772)       10.00    0.000      0.00      0.00        0.00          66.14
20160902 A808998161     000501     配号网达配号(100006726711)      1.00    0.000      0.00      0.00        0.00          66.14
20160902 0166956170     000501     配号先进数通(11644465)       10.00    0.000      0.00      0.00        0.00          66.14
20160905 A808998161     000501     配号通用配号(100009901224)      2.00    0.000      0.00      0.00        0.00          66.14
20160905 0166956170     000501     配号新晨科技(9690538)        10.00    0.000      0.00      0.00        0.00          66.14
20160906 0166956170     000501     配号农尚环境(47922938)       11.00    0.000      0.00      0.00        0.00          66.14
20160907 980521524436     000501     股息入帐天添利                0.00    0.000      0.00      0.00        1.09          67.23
20160908 A808998161     000501     配号锡银配号(100022963142)      2.00    0.000      0.00      0.00        0.00          67.23
20160914 A808998161     000501     配号泰晶配号(100022207167)      2.00    0.000      0.00      0.00        0.00          67.23
20160914 0166956170     000501     配号联得装备(51914104)       11.00    0.000      0.00      0.00        0.00          67.23
20160919 0166956170     000501     配号雄帝科技(8194325)        11.00    0.000      0.00      0.00        0.00          67.23
20160920                000501     批量利息归本                  0.00    0.000      0.00      0.00        0.03          67.26
20160920 A808998161     000501     配号常银配号(100028258878)      2.00    0.000      0.00      0.00        0.00          67.26
20160920 0166956170     000501     配号优德精密(35660545)       11.00    0.000      0.00      0.00        0.00          67.26
20160921 A808998161     000501     配号城地配号(100007489187)      2.00    0.000      0.00      0.00        0.00          67.26
20160921 0166956170     000501     配号川环科技(22567453)       10.00    0.000      0.00      0.00        0.00          67.26
20160922 A808998161     000501     配号鼎信配号(100009789756)      1.00    0.000      0.00      0.00        0.00          67.26
20160922 0166956170     000501     配号崇达技术(27857484)       10.00    0.000      0.00      0.00        0.00          67.26
20160923 A808998161     000501     配号伊份配号(100013437581)      1.00    0.000      0.00      0.00        0.00          67.26
20160923 0166956170     000501     配号路畅科技(24823510)       10.00    0.000      0.00      0.00        0.00          67.26
20160926 A808998161     000501     配号恒康配号(100005167627)      1.00    0.000      0.00      0.00        0.00          67.26
20160926 0166956170     000501     配号博创科技(7071600)        10.00    0.000      0.00      0.00        0.00          67.26
20160927 A808998161     000501     配号顾家配号(100018030849)      1.00    0.000      0.00      0.00        0.00          67.26
20160928 A808998161     000501     配号汇顶配号(100006164088)      1.00    0.000      0.00      0.00        0.00          67.26
===================================================================================================================
page 2


深圳笋岗路证券营业部 客户对帐单
客户号:0119455248  姓名:刘志鹏   货币:人民币  日期:20160701-->20161231  牛卡级别::银卡
===================================================================================================================
发生日期  股东代码      银行代码   摘                   要       成交数 成交均价    手续费  印花税等    变动金额       资金余额
20160928 0166956170     000501     配号古鳌科技(17158673)       10.00    0.000      0.00      0.00        0.00          67.26
20160929 0166956170     000501     配号路通视信(133107868)      10.00    0.000      0.00      0.00        0.00          67.26
20160930 0166956170     000501     配号和仁科技(46345780)       10.00    0.000      0.00      0.00        0.00          67.26
20161010 0166956170     000501     配号集智股份(9256830)        10.00    0.000      0.00      0.00        0.00          67.26
20161011 A808998161     000501     配号能科配号(100004066263)      1.00    0.000      0.00      0.00        0.00          67.26
20161011 0166956170     000501     配号万集科技(9726442)        10.00    0.000      0.00      0.00        0.00          67.26
20161012 A808998161     000501     配号五洲配号(100009454212)      1.00    0.000      0.00      0.00        0.00          67.26
20161012 980521524436     000501     股息入帐天添利                0.00    0.000      0.00      0.00        1.13          68.39
20161012 0166956170     000501     配号和科达  (17475691)       10.00    0.000      0.00      0.00        0.00          68.39
20161013 0166956170     000501     配号黄山胶囊(7877913)        10.00    0.000      0.00      0.00        0.00          68.39
20161014 A808998161     000501     配号杭银配号(100013001298)      1.00    0.000      0.00      0.00        0.00          68.39
20161017 A808998161     000501     配号电魂配号(100017906978)      1.00    0.000      0.00      0.00        0.00          68.39
20161018 A808998161     000501     配号新华配号(100015042232)      1.00    0.000      0.00      0.00        0.00          68.39
20161019 A808998161     000501     配号塞力配号(100003618927)      1.00    0.000      0.00      0.00        0.00          68.39
20161019 0166956170     000501     配号佳发安泰(11242323)       10.00    0.000      0.00      0.00        0.00          68.39
20161020 0166956170     000501     配号中富通  (21382153)       10.00    0.000      0.00      0.00        0.00          68.39
20161024 A808998161     000501     证券卖出抚顺特钢            500.00    7.480      5.00      3.81     3731.19        3799.58
20161024 980521524436     000501     保证金产品申购天添利       3798.58    1.000      0.00      0.00    -3798.58           1.00
20161025 A808998161     000501     配号海天配号(100014584149)      1.00    0.000      0.00      0.00        0.00           1.00
20161025 0166956170     000501     配号富森美  (34505786)       10.00    0.000      0.00      0.00        0.00           1.00
20161026 0166956170     000501     配号丝路视觉(163756640)      10.00    0.000      0.00      0.00        0.00           1.00
20161027 A808998161     000501     配号快克配号(100016963344)      1.00    0.000      0.00      0.00        0.00           1.00
20161027 0166956170     000501     配号贝达药业(44084802)       10.00    0.000      0.00      0.00        0.00           1.00
20161027 980521524436     000501     保证金产品赎回天添利       4095.00    1.000      0.00      0.00     4095.00           1.00
20161027 980521524436     000501     赎回到帐天添利                0.00    0.000      0.00      0.00     4095.00        4096.00
20161028 A808998161     000501     配号国检配号(100006418308)      1.00    0.000      0.00      0.00        0.00        4096.00
20161028 0166956170     000501     配号东方中科(12600807)       10.00    0.000      0.00      0.00        0.00        4096.00
20161028 980521524436     000501     保证金产品申购天添利       4095.00    1.000      0.00      0.00    -4095.00           1.00
20161031 A808998161     000501     配号海兴配号(100012279792)      1.00    0.000      0.00      0.00        0.00           1.00
20161101 A808998161     000501     配号国泰配号(100032714849)      1.00    0.000      0.00      0.00        0.00           1.00
20161102 A808998161     000501     配号上银配号(100061730396)      1.00    0.000      0.00      0.00        0.00           1.00
20161102 0166956170     000501     配号神宇股份(65015604)       10.00    0.000      0.00      0.00        0.00           1.00
20161103 0166956170     000501     配号激智科技(28779741)       10.00    0.000      0.00      0.00        0.00           1.00
20161104 0166956170     000501     配号汇金科技(21314161)       10.00    0.000      0.00      0.00        0.00           1.00
20161107 A808998161     000501     配号徕木配号(100011366477)      1.00    0.000      0.00      0.00        0.00           1.00
20161107 A808998161     000501     证券卖出鹿港文化            300.00   10.340      5.00      3.16     3093.84        3094.84
20161107 0166956170     000501     配号乐心医疗(28360849)       10.00    0.000      0.00      0.00        0.00        3094.84
20161107 980521524436     000501     保证金产品申购天添利       3093.84    1.000      0.00      0.00    -3093.84           1.00
20161108 A808998161     000501     红利差异税扣税鹿港文化        0.00    0.000      0.00      0.00       -1.00           0.00
20161108 A808998161     000501     配号步长配号(100085194208)      1.00    0.000      0.00      0.00        0.00           0.00
20161108 0166956170     000501     配号桂发祥  (157777936)      10.00    0.000      0.00      0.00        0.00           0.00
20161108 980521524436     000501     保证金产品赎回天添利          1.00    1.000      0.00      0.00        1.00           0.00
20161108 980521524436     000501     赎回到帐天添利                0.00    0.000      0.00      0.00        1.00           1.00
20161109 A808998161     000501     配号康德配号(100017413800)      1.00    0.000      0.00      0.00        0.00           1.00
20161109 0166956170     000501     证券买入世联行              400.00    7.920      5.00      0.00    -3173.00       -3172.00
20161109 980521524436     000501     股息入帐天添利                0.00    0.000      0.00      0.00        2.26       -3169.74
20161109 0166956170     000501     配号凯莱英  (31944392)       10.00    0.000      0.00      0.00        0.00       -3169.74
20161109 980521524436     000501     保证金产品赎回天添利       3173.00    1.000      0.00      0.00     3173.00       -3169.74
20161109 980521524436     000501     赎回到帐天添利                0.00    0.000      0.00      0.00     3173.00           3.26
20161110 A808998161     000501     配号博迈配号(100025822215)      1.00    0.000      0.00      0.00        0.00           3.26
20161110 0166956170     000501     配号科信技术(45802055)       10.00    0.000      0.00      0.00        0.00           3.26
20161111 A808998161     000501     配号通灵配号(100018854099)      1.00    0.000      0.00      0.00        0.00           3.26
20161111 A808998161     000501     证券卖出抚顺特钢            500.00    8.130      5.00      4.15     4055.85        4059.11
20161111 0166956170     000501     证券卖出东方财富            500.00   20.100      5.03     10.05    10034.92       14094.03
===================================================================================================================
page 3


深圳笋岗路证券营业部 客户对帐单
客户号:0119455248  姓名:刘志鹏   货币:人民币  日期:20160701-->20161231  牛卡级别::银卡
===================================================================================================================
发生日期  股东代码      银行代码   摘                   要       成交数 成交均价    手续费  印花税等    变动金额       资金余额
20161111 0166956170     000501     配号精测电子(38139804)       10.00    0.000      0.00      0.00        0.00       14094.03
20161111 980521524436     000501     保证金产品申购天添利      14093.03    1.000      0.00      0.00   -14093.03           1.00
20161114 A808998161     000501     配号宏辉配号(100007616109)      1.00    0.000      0.00      0.00        0.00           1.00
20161114 0166956170     000501     证券买入深科技              500.00   10.740      5.00      0.00    -5375.00       -5374.00
20161114 980521524436     000501     保证金产品赎回天添利       5375.00    1.000      0.00      0.00     5375.00       -5374.00
20161114 980521524436     000501     赎回到帐天添利                0.00    0.000      0.00      0.00     5375.00           1.00
20161115 A808998161     000501     配号神力配号(100016858805)      1.00    0.000      0.00      0.00        0.00           1.00
20161115 0166956170     000501     配号凯中精密(53884092)       10.00    0.000      0.00      0.00        0.00           1.00
20161118 A808998161     000501     配号中通配号(100014672740)      1.00    0.000      0.00      0.00        0.00           1.00
20161118 0166956170     000501     配号纳尔股份(50012799)       10.00    0.000      0.00      0.00        0.00           1.00
20161121 A808998161     000501     配号湘泵配号(100005294109)      1.00    0.000      0.00      0.00        0.00           1.00
20161121 0166956170     000501     配号星源材质(16320364)       10.00    0.000      0.00      0.00        0.00           1.00
20161122 0166956170     000501     配号易明医药(19932097)       10.00    0.000      0.00      0.00        0.00           1.00
20161123 A808998161     000501     配号华安配号(100014685469)      1.00    0.000      0.00      0.00        0.00           1.00
20161123 A808998161     000501     证券买入中新科技            100.00   27.070      5.00      0.05    -2712.05       -2711.05
20161123 A808998161     000501     证券买入中国卫星            100.00   32.370      5.00      0.06    -3242.06       -5953.11
20161123 A808998161     000501     证券买入中新科技            100.00   26.650      5.00      0.05    -2670.05       -8623.16
20161123 0166956170     000501     证券买入明家联合            100.00   16.700      5.00      0.00    -1675.00      -10298.16
20161123 0166956170     000501     证券买入星辉娱乐            100.00   12.540      5.00      0.00    -1259.00      -11557.16
20161123 0166956170     000501     证券买入高伟达              100.00   22.800      5.00      0.00    -2285.00      -13842.16
20161123 0166956170     000501     证券卖出世联行              400.00    8.410      5.00      3.36     3355.64      -10486.52
20161123 0166956170     000501     配号安车检测(14803444)       10.00    0.000      0.00      0.00        0.00      -10486.52
20161123 980521524436     000501     保证金产品赎回天添利      10487.52    1.000      0.00      0.00    10487.52      -10486.52
20161123 980521524436     000501     赎回到帐天添利                0.00    0.000      0.00      0.00    10487.52           1.00
20161124 A808998161     000501     配号三维配号(100008527674)      1.00    0.000      0.00      0.00        0.00           1.00
20161124 A808998161     000501     证券买入中国卫星            100.00   33.200      5.00      0.07    -3325.07       -3324.07
20161124 0166956170     000501     证券卖出明家联合            100.00   17.300      5.00      1.73     1723.27       -1600.80
20161124 0166956170     000501     证券买入新联电子            500.00   10.300      5.00      0.00    -5155.00       -6755.80
20161124 0166956170     000501     证券买入星辉娱乐            100.00   12.400      5.00      0.00    -1245.00       -8000.80
20161124 0166956170     000501     证券卖出深科技              500.00   10.750      5.00      5.38     5364.62       -2636.18
20161124 0166956170     000501     证券卖出东方财富            500.00   21.100      5.28     10.55    10534.17        7897.99
20161124 0166956170     000501     证券买入歌尔股份            100.00   28.100      5.00      0.00    -2815.00        5082.99
20161124 0166956170     000501     配号太辰光  (22978023)       10.00    0.000      0.00      0.00        0.00        5082.99
20161124 980521524436     000501     保证金产品申购天添利       5081.99    1.000      0.00      0.00    -5081.99           1.00
20161125                000501     银行转存                      0.00    0.000      0.00      0.00    10000.00       10001.00
20161125 A808998161     000501     配号麦迪配号(100012472179)      1.00    0.000      0.00      0.00        0.00       10001.00
20161125 A808998161     000501     证券卖出中国卫星            100.00   33.540      5.00      3.42     3345.58       13346.58
20161125 A808998161     000501     证券买入中新科技            100.00   25.860      5.00      0.05    -2591.05       10755.53
20161125 A808998161     000501     证券卖出中新科技            100.00   26.410      5.00      2.69     2633.31       13388.84
20161125 0166956170     000501     证券买入高伟达              100.00   21.650      5.00      0.00    -2170.00       11218.84
20161125 0166956170     000501     证券买入高伟达              100.00   21.550      5.00      0.00    -2160.00        9058.84
20161125 0166956170     000501     证券买入高伟达              100.00   20.600      5.00      0.00    -2065.00        6993.84
20161125 0166956170     000501     证券卖出高伟达              100.00   21.300      5.00      2.13     2122.87        9116.71
20161125 0166956170     000501     证券买入星辉娱乐            100.00   12.130      5.00      0.00    -1218.00        7898.71
20161125 0166956170     000501     证券买入星辉娱乐            200.00   12.030      5.00      0.00    -2411.00        5487.71
20161125 0166956170     000501     证券买入星辉娱乐            200.00   11.800      5.00      0.00    -2365.00        3122.71
20161125 0166956170     000501     配号高争民爆(30406296)       10.00    0.000      0.00      0.00        0.00        3122.71
20161125 980521524436     000501     保证金产品申购天添利       3121.71    1.000      0.00      0.00    -3121.71           1.00
20161128                000501     银行转存                      0.00    0.000      0.00      0.00    10000.00       10001.00
20161128 A808998161     000501     配号如通配号(100006872552)      1.00    0.000      0.00      0.00        0.00       10001.00
20161128 0166956170     000501     证券买入新联电子            500.00   10.210      5.00      0.00    -5110.00        4891.00
20161128 0166956170     000501     证券买入星辉娱乐            300.00   11.970      5.00      0.00    -3596.00        1295.00
20161128 0166956170     000501     配号贝肯能源(13761716)       10.00    0.000      0.00      0.00        0.00        1295.00
20161128 980521524436     000501     保证金产品申购天添利       1294.00    1.000      0.00      0.00    -1294.00           1.00
===================================================================================================================
page 4


深圳笋岗路证券营业部 客户对帐单
客户号:0119455248  姓名:刘志鹏   货币:人民币  日期:20160701-->20161231  牛卡级别::银卡
===================================================================================================================
发生日期  股东代码      银行代码   摘                   要       成交数 成交均价    手续费  印花税等    变动金额       资金余额
20161129 A808998161     000501     配号兴业配号(100010313343)      1.00    0.000      0.00      0.00        0.00           1.00
20161129 A808998161     000501     证券买入中新科技            100.00   25.900      5.00      0.05    -2595.05       -2594.05
20161129 0166956170     000501     证券买入高伟达              100.00   21.030      5.00      0.00    -2108.00       -4702.05
20161129 0166956170     000501     配号兴齐眼药(23307913)       10.00    0.000      0.00      0.00        0.00       -4702.05
20161129 980521524436     000501     保证金产品赎回天添利       4703.05    1.000      0.00      0.00     4703.05       -4702.05
20161129 980521524436     000501     赎回到帐天添利                0.00    0.000      0.00      0.00     4703.05           1.00
20161130 A808998161     000501     配号家家配号(100006434438)      1.00    0.000      0.00      0.00        0.00           1.00
20161130 0166956170     000501     配号平治信息(8458887)        11.00    0.000      0.00      0.00        0.00           1.00
20161201 A808998161     000501     配号森特配号(100007926737)      1.00    0.000      0.00      0.00        0.00           1.00
20161201 A808998161     000501     证券卖出中新科技            300.00   24.720      5.00      7.56     7403.44        7404.44
20161201 0166956170     000501     证券卖出格力电器            100.00   31.310      5.00      3.13     3122.87       10527.31
20161201 0166956170     000501     证券买入*ST钒钛             400.00    2.690      5.00      0.00    -1081.00        9446.31
20161201 0166956170     000501     证券买入数码视讯            200.00    8.340      5.00      0.00    -1673.00        7773.31
20161201 0166956170     000501     证券买入昆仑万维            100.00   26.510      5.00      0.00    -2656.00        5117.31
20161201 0166956170     000501     配号名雕股份(20068394)       11.00    0.000      0.00      0.00        0.00        5117.31
20161201 980521524436     000501     保证金产品申购天添利       5116.31    1.000      0.00      0.00    -5116.31           1.00
20161202 A808998161     000501     配号苏利配号(100007051420)      1.00    0.000      0.00      0.00        0.00           1.00
20161202 0166956170     000501     证券买入格力电器            100.00   29.140      5.00      0.00    -2919.00       -2918.00
20161202 0166956170     000501     证券买入数码视讯            200.00    8.160      5.00      0.00    -1637.00       -4555.00
20161202 0166956170     000501     证券买入昆仑万维            100.00   26.000      5.00      0.00    -2605.00       -7160.00
20161202 0166956170     000501     配号星网宇达(25915386)       11.00    0.000      0.00      0.00        0.00       -7160.00
20161202 980521524436     000501     保证金产品赎回天添利       7161.00    1.000      0.00      0.00     7161.00       -7160.00
20161202 980521524436     000501     赎回到帐天添利                0.00    0.000      0.00      0.00     7161.00           1.00
20161205 A808998161     000501     配号亚振配号(100015403223)      1.00    0.000      0.00      0.00        0.00           1.00
20161205 0166956170     000501     证券买入星辉娱乐            200.00   11.690      5.00      0.00    -2343.00       -2342.00
20161205 0166956170     000501     证券卖出高伟达              100.00   22.380      5.00      2.24     2230.76        -111.24
20161205 0166956170     000501     证券买入数码视讯            100.00    8.110      5.00      0.00     -816.00        -927.24
20161205 0166956170     000501     证券卖出高伟达              100.00   22.300      5.00      2.23     2222.77        1295.53
20161205 0166956170     000501     配号裕同科技(29084827)       11.00    0.000      0.00      0.00        0.00        1295.53
20161205 980521524436     000501     保证金产品申购天添利       1294.53    1.000      0.00      0.00    -1294.53           1.00
20161206 A808998161     000501     配号武进配号(100010179634)      1.00    0.000      0.00      0.00        0.00           1.00
20161206 0166956170     000501     配号中旗股份(21725511)       11.00    0.000      0.00      0.00        0.00           1.00
20161207 0166956170     000501     证券买入高伟达              200.00   21.600      5.00      0.00    -4325.00       -4324.00
20161207 980521524436     000501     股息入帐天添利                0.00    0.000      0.00      0.00        9.40       -4314.60
20161207 980521524436     000501     保证金产品赎回天添利       4325.00    1.000      0.00      0.00     4325.00       -4314.60
20161207 980521524436     000501     赎回到帐天添利                0.00    0.000      0.00      0.00     4325.00          10.40
20161208 A808998161     000501     配号信捷配号(100005957675)      1.00    0.000      0.00      0.00        0.00          10.40
20161208 0166956170     000501     证券买入高伟达              100.00   20.950      5.00      0.00    -2100.00       -2089.60
20161208 0166956170     000501     配号开润股份(17744206)       12.00    0.000      0.00      0.00        0.00       -2089.60
20161208 980521524436     000501     保证金产品赎回天添利       2090.60    1.000      0.00      0.00     2090.60       -2089.60
20161208 980521524436     000501     赎回到帐天添利                0.00    0.000      0.00      0.00     2090.60           1.00
20161209                000501     银行转存                      0.00    0.000      0.00      0.00    10000.00       10001.00
20161209 A808998161     000501     配号汇通配号(100003879640)      1.00    0.000      0.00      0.00        0.00       10001.00
20161209 0166956170     000501     证券买入歌尔股份            100.00   27.200      5.00      0.00    -2725.00        7276.00
20161209 0166956170     000501     配号晨曦航空(9288858)        12.00    0.000      0.00      0.00        0.00        7276.00
20161209 980521524436     000501     保证金产品申购天添利       7275.00    1.000      0.00      0.00    -7275.00           1.00
20161212                000501     银行转存                      0.00    0.000      0.00      0.00    10000.00       10001.00
20161212 A808998161     000501     配号永吉配号(100004462141)      1.00    0.000      0.00      0.00        0.00       10001.00
20161212 0166956170     000501     证券买入高伟达              100.00   19.990      5.00      0.00    -2004.00        7997.00
20161212 0166956170     000501     配号数字认证(13902193)       12.00    0.000      0.00      0.00        0.00        7997.00
20161212 980521524436     000501     保证金产品申购天添利       7996.00    1.000      0.00      0.00    -7996.00           1.00
20161213 A808998161     000501     配号贵广配号(100020250713)      1.00    0.000      0.00      0.00        0.00           1.00
20161214 A808998161     000501     配号杭叉配号(100018116588)      1.00    0.000      0.00      0.00        0.00           1.00
20161214 0166956170     000501     配号比音勒芬(28493945)       13.00    0.000      0.00      0.00        0.00           1.00
===================================================================================================================
page 5


深圳笋岗路证券营业部 客户对帐单
客户号:0119455248  姓名:刘志鹏   货币:人民币  日期:20160701-->20161231  牛卡级别::银卡
===================================================================================================================
发生日期  股东代码      银行代码   摘                   要       成交数 成交均价    手续费  印花税等    变动金额       资金余额
20161215 A808998161     000501     配号元祖配号(100051559197)      1.00    0.000      0.00      0.00        0.00           1.00
20161215 0166956170     000501     配号同为股份(79789433)       13.00    0.000      0.00      0.00        0.00           1.00
20161216 A808998161     000501     配号中原配号(100018924058)      1.00    0.000      0.00      0.00        0.00           1.00
20161216 0166956170     000501     配号英飞特  (15534770)       13.00    0.000      0.00      0.00        0.00           1.00
20161219 A808998161     000501     配号日月配号(100016937310)      1.00    0.000      0.00      0.00        0.00           1.00
20161219 0166956170     000501     配号弘亚数控(44056936)       14.00    0.000      0.00      0.00        0.00           1.00
20161219 0166956170     000501     配号英维克  (54422775)       14.00    0.000      0.00      0.00        0.00           1.00
20161220                000501     批量利息归本                  0.00    0.000      0.00      0.00        0.06           1.06
20161220 A808998161     000501     配号亚翔配号(100032391504)      1.00    0.000      0.00      0.00        0.00           1.06
20161220 0166956170     000501     配号奥联电子(67584761)       14.00    0.000      0.00      0.00        0.00           1.06
20161221 A808998161     000501     配号仙通配号(100007810489)      1.00    0.000      0.00      0.00        0.00           1.06
20161221 0166956170     000501     配号新宏泽  (32906297)       14.00    0.000      0.00      0.00        0.00           1.06
20161222 A808998161     000501     配号华正配号(100007698277)      1.00    0.000      0.00      0.00        0.00           1.06
20161222 A808998161     000501     配号吉比配号(100009056695)      1.00    0.000      0.00      0.00        0.00           1.06
20161222 0166956170     000501     配号美联新材(14473720)       14.00    0.000      0.00      0.00        0.00           1.06
20161223 A808998161     000501     配号德新配号(100005604009)      1.00    0.000      0.00      0.00        0.00           1.06
20161223 A808998161     000501     配号常汽配号(100008048161)      1.00    0.000      0.00      0.00        0.00           1.06
20161223 0166956170     000501     证券买入东方财富            500.00   17.850      5.00      0.00    -8930.00       -8928.94
20161223 0166956170     000501     证券买入东方财富            300.00   17.300      5.00      0.00    -5195.00      -14123.94
20161223 0166956170     000501     配号熙菱信息(10933278)       15.00    0.000      0.00      0.00        0.00      -14123.94
20161223 980521524436     000501     保证金产品赎回天添利      14124.94    1.000      0.00      0.00    14124.94      -14123.94
20161223 980521524436     000501     赎回到帐天添利                0.00    0.000      0.00      0.00    14124.94           1.00
20161226 A808998161     000501     配号景旺配号(100008646070)      1.00    0.000      0.00      0.00        0.00           1.00
20161226 0166956170     000501     证券买入东方财富            100.00   16.730      5.00      0.00    -1678.00       -1677.00
20161226 0166956170     000501     配号道恩股份(15771198)       15.00    0.000      0.00      0.00        0.00       -1677.00
20161226 0166956170     000501     配号天铁股份(15155897)       15.00    0.000      0.00      0.00        0.00       -1677.00
20161226 980521524436     000501     保证金产品赎回天添利       1678.00    1.000      0.00      0.00     1678.00       -1677.00
20161226 980521524436     000501     赎回到帐天添利                0.00    0.000      0.00      0.00     1678.00           1.00
20161227 A808998161     000501     配号太平配号(100018998279)      1.00    0.000      0.00      0.00        0.00           1.00
20161227 0166956170     000501     配号华统股份(49293805)       15.00    0.000      0.00      0.00        0.00           1.00
20161227 0166956170     000501     配号赛托生物(29322578)       15.00    0.000      0.00      0.00        0.00           1.00
20161228 A808998161     000501     配号天龙配号(100004502749)      1.00    0.000      0.00      0.00        0.00           1.00
20161228 A808998161     000501     配号皖天配号(100008043746)      1.00    0.000      0.00      0.00        0.00           1.00
20161228 0166956170     000501     配号万里马  (16768056)       16.00    0.000      0.00      0.00        0.00           1.00
20161229 A808998161     000501     配号荣泰配号(100014747227)      1.00    0.000      0.00      0.00        0.00           1.00
20161229 A808998161     000501     配号清源配号(100018400374)      1.00    0.000      0.00      0.00        0.00           1.00
20161229 0166956170     000501     配号移为通信(34764749)       16.00    0.000      0.00      0.00        0.00           1.00
20161230 A808998161     000501     配号海利配号(100005841515)      1.00    0.000      0.00      0.00        0.00           1.00
20161230 0166956170     000501     证券卖出高伟达              100.00   18.200      5.00      1.82     1813.18        1814.18
20161230 0166956170     000501     证券买入数码视讯            200.00    7.240      5.00      0.00    -1453.00         361.18
20161230 0166956170     000501     证券卖出高伟达              400.00   18.200      5.00      7.28     7267.72        7628.90
20161230 0166956170     000501     配号海辰药业(17019978)       16.00    0.000      0.00      0.00        0.00        7628.90
20161230 0166956170     000501     配号贝斯特  (14712310)       16.00    0.000      0.00      0.00        0.00        7628.90
20161230 980521524436     000501     保证金产品申购天添利       7627.90    1.000      0.00      0.00    -7627.90           1.00


深圳笋岗路证券营业部 客户托管情况
客户号:0119455248  姓名:刘志鹏                 货币:人民币  日期:20160701-->20161231  牛卡级别::银卡
===================================================================================================================
股东代码   证券代码及名称        库存数     当日买入   买入价    当日卖出   卖出价      可用数量            市值  成本价
A808998161 600031-三一重工      1500.00        0.00    0.000        0.00    0.000       1500.00        12495.00   8.386
A808998161 600068-  葛洲坝      1000.00        0.00    0.000        0.00    0.000       1000.00         9160.00   9.330
A808998161 600095-  哈高科       500.00        0.00    0.000        0.00    0.000        500.00         2880.00  16.814
A808998161 600118-中国卫星       300.00        0.00    0.000        0.00    0.000        300.00         6504.00  23.344
A808998161 601599-鹿港文化       500.00        0.00    0.000        0.00    0.000        500.00         3145.00  25.230
A808998161 601918-新集能源      2000.00        0.00    0.000        0.00    0.000       2000.00         6960.00   9.438
===================================================================================================================
page 6


深圳笋岗路证券营业部 客户托管情况
客户号:0119455248  姓名:刘志鹏                 货币:人民币  日期:20160701-->20161231  牛卡级别::银卡
===================================================================================================================
股东代码   证券代码及名称        库存数     当日买入   买入价    当日卖出   卖出价      可用数量            市值  成本价
A808998161 601988-中国银行      1000.00        0.00    0.000        0.00    0.000       1000.00         4170.00   4.245
0166956170 000547-航天发展       497.00        0.00    0.000        0.00    0.000        497.00         5382.51  15.382
0166956170 000776-广发证券       500.00        0.00    0.000        0.00    0.000        500.00         8390.00  16.830
0166956170 002241-歌尔股份      1000.00        0.00    0.000        0.00    0.000       1000.00        15410.00  13.527
0166956170 002546-新联电子      3000.00        0.00    0.000        0.00    0.000       3000.00        13800.00   7.152
0166956170 002566-益盛药业       500.00        0.00    0.000        0.00    0.000        500.00         4035.00  12.455
0166956170 300043-星辉娱乐       500.00        0.00    0.000        0.00    0.000        500.00         2895.00  19.266
0166956170 300058-蓝色光标       500.00        0.00    0.000        0.00    0.000        500.00         4095.00   8.110
0166956170 300079-数码科技      1000.00        0.00    0.000        0.00    0.000       1000.00         3820.00   6.618
===================================================================================================================
注意：股票库存数为昨日余额，当日买卖和市值仅供参考，具体数据以登记公司为准。
===================================================================================================================
资金余额:               1.00                            市值:          103141.51
可用资金:            2975.35               可用资金+市值合计:          106116.86
买入未交收金额:               0.00                  卖出未交收金额:               0.00
第7页