


深圳笋岗路证券营业部 客户对帐单
客户号:0119455248  姓名:刘志鹏   货币:人民币  日期:20160101-->20160630  牛卡级别::银卡
===================================================================================================================
发生日期  股东代码      银行代码   摘                   要       成交数 成交均价    手续费  印花税等    变动金额       资金余额
20160107 980521524436     000501     股息入帐天添利                0.00    0.000      0.00      0.00        0.75          15.87
20160216 980521524436     000501     股息入帐天添利                0.00    0.000      0.00      0.00        1.02          16.89
20160226 A808998161     000501     证券卖出哈高科              500.00    8.660      5.00      4.42     4320.58        4337.47
20160226 A808998161     000501     证券卖出鹿港科技            500.00   18.150      5.00      9.26     9060.74       13398.21
20160226 A808998161     000501     证券卖出国投新集           1000.00    7.150      5.00      7.29     7137.71       20535.92
20160226 980521524436     000501     保证金产品申购天添利      20534.92    1.000      0.00      0.00   -20534.92           1.00
20160229 0166956170     000501     证券买入歌尔声学            200.00   23.580      5.00      0.00    -4721.00       -4720.00
20160229 0166956170     000501     证券买入厦门信达            200.00   15.400      5.00      0.00    -3085.00       -7805.00
20160229 980521524436     000501     保证金产品赎回天添利       7806.00    1.000      0.00      0.00     7806.00       -7805.00
20160229 980521524436     000501     赎回到帐天添利                0.00    0.000      0.00      0.00     7806.00           1.00
20160301 0166956170     000501     证券卖出歌尔声学            200.00   24.320      5.00      4.86     4854.14        4855.14
20160301 0166956170     000501     证券卖出厦门信达            200.00   16.130      5.00      3.23     3217.77        8072.91
20160301 980521524436     000501     保证金产品申购天添利       8071.91    1.000      0.00      0.00    -8071.91           1.00
20160302 0166956170     000501     证券买入木林森              200.00   27.100      5.00      0.00    -5425.00       -5424.00
20160302 980521524436     000501     保证金产品赎回天添利       5425.00    1.000      0.00      0.00     5425.00       -5424.00
20160302 980521524436     000501     赎回到帐天添利                0.00    0.000      0.00      0.00     5425.00           1.00
20160303 0166956170     000501     证券买入世联行              200.00   15.510      5.00      0.00    -3107.00       -3106.00
20160303 0166956170     000501     证券卖出木林森              200.00   27.850      5.00      5.57     5559.43        2453.43
20160303 0166956170     000501     证券买入世联行              200.00   15.060      5.00      0.00    -3017.00        -563.57
20160303 980521524436     000501     保证金产品赎回天添利        564.57    1.000      0.00      0.00      564.57        -563.57
20160303 980521524436     000501     赎回到帐天添利                0.00    0.000      0.00      0.00      564.57           1.00
20160307 A808998161     000501     证券卖出哈高科              400.00    8.830      5.00      3.61     3523.39        3524.39
20160307 980521524436     000501     保证金产品申购天添利       3523.39    1.000      0.00      0.00    -3523.39           1.00
20160308 0166956170     000501     证券买入世联行              200.00   13.000      5.00      0.00    -2605.00       -2604.00
20160308 0166956170     000501     证券买入世联行              200.00   12.880      5.00      0.00    -2581.00       -5185.00
20160308 0166956170     000501     证券卖出世联行              400.00   13.620      5.00      5.44     5437.56         252.56
20160308 980521524436     000501     保证金产品申购天添利        251.56    1.000      0.00      0.00     -251.56           1.00
20160309 A808998161     000501     证券买入国投新集            500.00    6.580      5.00      0.07    -3295.07       -3294.07
20160309 980521524436     000501     股息入帐天添利                0.00    0.000      0.00      0.00        5.15       -3288.92
20160309 980521524436     000501     保证金产品赎回天添利       3295.07    1.000      0.00      0.00     3295.07       -3288.92
20160309 980521524436     000501     赎回到帐天添利                0.00    0.000      0.00      0.00     3295.07           6.15
20160311 A808998161     000501     证券卖出国投新集            500.00    6.080      5.00      3.10     3031.90        3038.05
20160311 0166956170     000501     证券买入世联行              200.00   12.720      5.00      0.00    -2549.00         489.05
20160311 0166956170     000501     证券卖出世联行              200.00   12.590      5.00      2.52     2510.48        2999.53
20160311 0166956170     000501     证券卖出金莱特              500.00   16.050      5.00      8.03     8011.97       11011.50
20160311 0166956170     000501     证券买入歌尔声学            200.00   22.200      5.00      0.00    -4445.00        6566.50
20160311 980521524436     000501     保证金产品申购天添利       6565.50    1.000      0.00      0.00    -6565.50           1.00
20160314 0166956170     000501     证券买入世联行              100.00   12.750      5.00      0.00    -1280.00       -1279.00
20160314 980521524436     000501     保证金产品赎回天添利       1280.00    1.000      0.00      0.00     1280.00       -1279.00
20160314 980521524436     000501     赎回到帐天添利                0.00    0.000      0.00      0.00     1280.00           1.00
20160315 A808998161     000501     证券买入哈高科              400.00    8.080      5.00      0.06    -3237.06       -3236.06
20160315 0166956170     000501     证券买入益盛药业            400.00   11.330      5.00      0.00    -4537.00       -7773.06
20160315 0166956170     000501     证券卖出歌尔声学            200.00   24.200      5.00      4.84     4830.16       -2942.90
20160315 980521524436     000501     保证金产品赎回天添利       2943.90    1.000      0.00      0.00     2943.90       -2942.90
20160315 980521524436     000501     赎回到帐天添利                0.00    0.000      0.00      0.00     2943.90           1.00
20160316 0166956170     000501     证券卖出金莱特              400.00   18.370      5.00      7.35     7335.65        7336.65
20160316 0166956170     000501     证券买入长航凤凰            300.00    9.090      5.00      0.00    -2732.00        4604.65
20160316 0166956170     000501     证券买入创维数字            200.00   12.880      5.00      0.00    -2581.00        2023.65
20160316 0166956170     000501     证券买入世联行              200.00   12.420      5.00      0.00    -2489.00        -465.35
20160316 980521524436     000501     保证金产品赎回天添利        466.35    1.000      0.00      0.00      466.35        -465.35
20160316 980521524436     000501     赎回到帐天添利                0.00    0.000      0.00      0.00      466.35           1.00
20160317 A808998161     000501     证券卖出哈高科              400.00    8.280      5.00      3.38     3303.62        3304.62
20160317 0166956170     000501     证券卖出长航凤凰            300.00    9.560      5.00      2.87     2860.13        6164.75
20160317 0166956170     000501     证券卖出创维数字            200.00   14.140      5.00      2.83     2820.17        8984.92
===================================================================================================================
page 1


深圳笋岗路证券营业部 客户对帐单
客户号:0119455248  姓名:刘志鹏   货币:人民币  日期:20160101-->20160630  牛卡级别::银卡
===================================================================================================================
发生日期  股东代码      银行代码   摘                   要       成交数 成交均价    手续费  印花税等    变动金额       资金余额
20160317 0166956170     000501     证券卖出世联行              300.00   12.730      5.00      3.82     3810.18       12795.10
20160317 0166956170     000501     证券卖出益盛药业            400.00   11.590      5.00      4.64     4626.36       17421.46
20160317 980521524436     000501     保证金产品申购天添利      17420.46    1.000      0.00      0.00   -17420.46           1.00
20160318                000501     批量利息归本                  0.00    0.000      0.00      0.00        0.01           1.01
20160318 A808998161     000501     证券卖出鹿港科技            400.00   19.270      5.00      7.86     7695.14        7696.15
20160318 A808998161     000501     证券卖出国投新集            500.00    6.510      5.00      3.33     3246.67       10942.82
20160318 0166956170     000501     证券卖出歌尔声学            200.00   26.220      5.00      5.24     5233.76       16176.58
20160318 0166956170     000501     证券卖出世联行              300.00   13.350      5.00      4.01     3995.99       20172.57
20160318 980521524436     000501     保证金产品申购天添利      20171.56    1.000      0.00      0.00   -20171.56           1.01
20160323 A808998161     000501     配号康普配号(100009139851)      2.00    0.000      0.00      0.00        0.00           1.01
20160324 A808998161     000501     证券买入迪马股份            500.00    7.500      5.00      0.08    -3755.08       -3754.07
20160324 A808998161     000501     证券买入同仁堂              200.00   28.550      5.00      0.11    -5715.11       -9469.18
20160324 0166956170     000501     证券买入沪电股份            500.00    4.970      5.00      0.00    -2490.00      -11959.18
20160324 0166956170     000501     证券买入江南红箭            400.00   13.850      5.00      0.00    -5545.00      -17504.18
20160324 980521524436     000501     保证金产品赎回天添利      17505.18    1.000      0.00      0.00    17505.18      -17504.18
20160324 980521524436     000501     赎回到帐天添利                0.00    0.000      0.00      0.00    17505.18           1.00
20160325 A808998161     000501     证券卖出同仁堂              200.00   29.180      5.00      5.96     5825.04        5826.04
20160325 980521524436     000501     保证金产品申购天添利       5825.04    1.000      0.00      0.00    -5825.04           1.00
20160329 A808998161     000501     证券买入国投新集            500.00    6.200      5.00      0.06    -3105.06       -3104.06
20160329 0166956170     000501     证券买入沪电股份            500.00    4.570      5.00      0.00    -2290.00       -5394.06
20160329 0166956170     000501     证券买入江南红箭            400.00   13.220      5.00      0.00    -5293.00      -10687.06
20160329 980521524436     000501     保证金产品赎回天添利      10688.06    1.000      0.00      0.00    10688.06      -10687.06
20160329 980521524436     000501     赎回到帐天添利                0.00    0.000      0.00      0.00    10688.06           1.00
20160330 0166956170     000501     证券卖出沪电股份            500.00    4.720      5.00      2.36     2352.64        2353.64
20160330 0166956170     000501     证券卖出江南红箭            300.00   13.480      5.00      4.04     4034.96        6388.60
20160330 980521524436     000501     保证金产品申购天添利       6387.60    1.000      0.00      0.00    -6387.60           1.00
20160331 0166956170     000501     证券买入歌尔声学            100.00   26.280      5.00      0.00    -2633.00       -2632.00
20160331 0166956170     000501     证券买入世联行              100.00   13.200      5.00      0.00    -1325.00       -3957.00
20160331 0166956170     000501     证券买入歌尔声学            100.00   25.850      5.00      0.00    -2590.00       -6547.00
20160331 0166956170     000501     证券买入歌尔声学            100.00   25.650      5.00      0.00    -2570.00       -9117.00
20160331 0166956170     000501     证券买入世联行              100.00   13.180      5.00      0.00    -1323.00      -10440.00
20160331 980521524436     000501     保证金产品赎回天添利      10441.00    1.000      0.00      0.00    10441.00      -10440.00
20160331 980521524436     000501     赎回到帐天添利                0.00    0.000      0.00      0.00    10441.00           1.00
20160401 0166956170     000501     证券买入世联行              200.00   13.000      5.00      0.00    -2605.00       -2604.00
20160401 0166956170     000501     证券买入歌尔声学            100.00   25.400      5.00      0.00    -2545.00       -5149.00
20160401 980521524436     000501     保证金产品赎回天添利       5150.00    1.000      0.00      0.00     5150.00       -5149.00
20160401 980521524436     000501     赎回到帐天添利                0.00    0.000      0.00      0.00     5150.00           1.00
20160405 A808998161     000501     证券卖出国投新集            500.00    6.930      5.00      3.54     3456.46        3457.46
20160405 980521524436     000501     保证金产品申购天添利       3456.46    1.000      0.00      0.00    -3456.46           1.00
20160406 A808998161     000501     证券买入国投新集            500.00    6.680      5.00      0.07    -3345.07       -3344.07
20160406 A808998161     000501     证券卖出迪马股份            500.00    7.670      5.00      3.92     3826.08         482.01
20160406 0166956170     000501     证券买入攀钢钒钛           1000.00    3.230      5.00      0.00    -3235.00       -2752.99
20160406 0166956170     000501     证券卖出江南红箭            500.00   13.820      5.00      6.91     6898.09        4145.10
20160406 0166956170     000501     证券卖出歌尔声学            400.00   26.990      5.40     10.80    10779.80       14924.90
20160406 0166956170     000501     证券卖出沪电股份            500.00    4.910      5.00      2.46     2447.54       17372.44
20160406 0166956170     000501     证券买入天茂集团            500.00    8.100      5.00      0.00    -4055.00       13317.44
20160406 0166956170     000501     配号东音股份(1083493)         4.00    0.000      0.00      0.00        0.00       13317.44
20160406 980521524436     000501     保证金产品申购天添利      13316.44    1.000      0.00      0.00   -13316.44           1.00
20160407 A808998161     000501     证券买入国投新集            500.00    6.450      5.00      0.06    -3230.06       -3229.06
20160407 0166956170     000501     证券卖出天茂集团            500.00    8.230      5.00      4.12     4105.88         876.82
20160407 0166956170     000501     证券卖出世联行              400.00   13.810      5.00      5.52     5513.48        6390.30
20160407 0166956170     000501     证券买入攀钢钒钛            500.00    3.140      5.00      0.00    -1575.00        4815.30
20160407 0166956170     000501     证券卖出攀钢钒钛            500.00    3.250      5.00      1.63     1618.37        6433.67
20160407 980521524436     000501     股息入帐天添利                0.00    0.000      0.00      0.00       32.34        6466.01
===================================================================================================================
page 2


深圳笋岗路证券营业部 客户对帐单
客户号:0119455248  姓名:刘志鹏   货币:人民币  日期:20160101-->20160630  牛卡级别::银卡
===================================================================================================================
发生日期  股东代码      银行代码   摘                   要       成交数 成交均价    手续费  印花税等    变动金额       资金余额
20160407 980521524436     000501     保证金产品申购天添利       6432.67    1.000      0.00      0.00    -6432.67          33.34
20160411 A808998161     000501     配号朗迪配号(100008467631)      1.00    0.000      0.00      0.00        0.00          33.34
20160412 0166956170     000501     证券买入长城信息            200.00   22.690      5.00      0.00    -4543.00       -4509.66
20160412 980521524436     000501     保证金产品赎回天添利       4510.66    1.000      0.00      0.00     4510.66       -4509.66
20160412 980521524436     000501     赎回到帐天添利                0.00    0.000      0.00      0.00     4510.66           1.00
20160413 0166956170     000501     证券买入长城信息            300.00   22.740      5.00      0.00    -6827.00       -6826.00
20160413 0166956170     000501     证券买入歌尔声学            400.00   27.125      5.43      0.00   -10855.43      -17681.43
20160413 0166956170     000501     股息入帐世联行                0.00    0.000      0.00      0.00        4.00      -17677.43
20160413 0166956170     000501     红股入帐世联行               40.00    0.000      0.00      0.00        0.00      -17677.43
20160413 980521524436     000501     保证金产品赎回天添利      17682.43    1.000      0.00      0.00    17682.43      -17677.43
20160413 980521524436     000501     赎回到帐天添利                0.00    0.000      0.00      0.00    17682.43           5.00
20160414 A808998161     000501     证券卖出国投新集            500.00    6.940      5.00      3.54     3461.46        3466.46
20160414 0166956170     000501     证券买入世联行              200.00    9.700      5.00      0.00    -1945.00        1521.46
20160414 0166956170     000501     证券卖出歌尔声学            400.00   27.350      5.47     10.94    10923.59       12445.05
20160414 980521524436     000501     保证金产品申购天添利      12444.05    1.000      0.00      0.00   -12444.05           1.00
20160415 A808998161     000501     配号天鹅配号(100002024252)      1.00    0.000      0.00      0.00        0.00           1.00
20160415 A808998161     000501     证券买入金钼股份            500.00    7.960      5.00      0.08    -3985.08       -3984.08
20160415 980521524436     000501     保证金产品赎回天添利       3985.08    1.000      0.00      0.00     3985.08       -3984.08
20160415 980521524436     000501     赎回到帐天添利                0.00    0.000      0.00      0.00     3985.08           1.00
20160418 A808998161     000501     配号嘉澳配号(100003675119)      1.00    0.000      0.00      0.00        0.00           1.00
20160418 0166956170     000501     证券买入世联行              200.00    9.390      5.00      0.00    -1883.00       -1882.00
20160418 0166956170     000501     证券买入航天发展             97.00   15.430      5.00      0.00    -1501.71       -3383.71
20160418 0166956170     000501     证券买入航天发展            400.00   15.470      5.00      0.00    -6193.00       -9576.71
20160418 980521524436     000501     保证金产品赎回天添利       9577.71    1.000      0.00      0.00     9577.71       -9576.71
20160418 980521524436     000501     赎回到帐天添利                0.00    0.000      0.00      0.00     9577.71           1.00
20160419 0166956170     000501     配号永和智控(7869308)         3.00    0.000      0.00      0.00        0.00           1.00
20160420 A808998161     000501     证券卖出国投新集            500.00    6.180      5.00      3.15     3081.85        3082.85
20160420 0166956170     000501     证券卖出长城信息            200.00   20.400      5.00      4.08     4070.92        7153.77
20160420 980521524436     000501     保证金产品申购天添利       7152.77    1.000      0.00      0.00    -7152.77           1.00
20160421 A808998161     000501     配号多伦配号(100008679227)      1.00    0.000      0.00      0.00        0.00           1.00
20160421 A808998161     000501     证券卖出金钼股份            200.00    7.550      5.00      1.54     1503.46        1504.46
20160421 A808998161     000501     证券卖出金钼股份            200.00    7.850      5.00      1.60     1563.40        3067.86
20160421 0166956170     000501     证券卖出世联行              200.00    8.600      5.00      1.72     1713.28        4781.14
20160421 0166956170     000501     证券卖出攀钢钒钛            900.00    3.160      5.00      2.84     2836.16        7617.30
20160421 980521524436     000501     保证金产品申购天添利       7616.30    1.000      0.00      0.00    -7616.30           1.00
20160422 980521524436     000501     保证金产品赎回天添利          4.00    1.000      0.00      0.00        4.00           1.00
20160422 980521524436     000501     赎回到帐天添利                0.00    0.000      0.00      0.00        4.00           5.00
20160425 A808998161     000501     配号汇嘉配号(100006065723)      1.00    0.000      0.00      0.00        0.00           5.00
20160425 0166956170     000501     证券买入世联行              200.00    8.390      5.00      0.00    -1683.00       -1678.00
20160425 0166956170     000501     红利差异税补扣世联行          0.00    0.000      0.00      0.00       -4.00       -1682.00
20160425 980521524436     000501     保证金产品赎回天添利       1683.00    1.000      0.00      0.00     1683.00       -1682.00
20160425 980521524436     000501     赎回到帐天添利                0.00    0.000      0.00      0.00     1683.00           1.00
20160426 0166956170     000501     证券卖出世联行              300.00    8.540      5.00      2.56     2554.44        2555.44
20160426 980521524436     000501     保证金产品申购天添利       2554.44    1.000      0.00      0.00    -2554.44           1.00
20160427 A808998161     000501     证券买入金钼股份            400.00    7.590      5.00      0.06    -3041.06       -3040.06
20160427 0166956170     000501     配号世嘉科技(11441953)        4.00    0.000      0.00      0.00        0.00       -3040.06
20160427 980521524436     000501     保证金产品赎回天添利       3041.06    1.000      0.00      0.00     3041.06       -3040.06
20160427 980521524436     000501     赎回到帐天添利                0.00    0.000      0.00      0.00     3041.06           1.00
20160428 A808998161     000501     证券买入国投新集            500.00    5.880      5.00      0.06    -2945.06       -2944.06
20160428 A808998161     000501     证券卖出金钼股份            200.00    7.530      5.00      1.54     1499.46       -1444.60
20160428 0166956170     000501     证券买入世联行              200.00    8.380      5.00      0.00    -1681.00       -3125.60
20160428 0166956170     000501     证券买入长城信息            200.00   19.040      5.00      0.00    -3813.00       -6938.60
20160428 0166956170     000501     证券买入世联行              100.00    8.370      5.00      0.00     -842.00       -7780.60
20160428 0166956170     000501     证券卖出长城信息            200.00   19.250      5.00      3.85     3841.15       -3939.45
===================================================================================================================
page 3


深圳笋岗路证券营业部 客户对帐单
客户号:0119455248  姓名:刘志鹏   货币:人民币  日期:20160101-->20160630  牛卡级别::银卡
===================================================================================================================
发生日期  股东代码      银行代码   摘                   要       成交数 成交均价    手续费  印花税等    变动金额       资金余额
20160428 0166956170     000501     证券卖出世联行              240.00    8.430      5.00      2.02     2016.18       -1923.27
20160428 0166956170     000501     证券买入攀钢钒钛            400.00    2.970      5.00      0.00    -1193.00       -3116.27
20160428 980521524436     000501     保证金产品赎回天添利       3117.27    1.000      0.00      0.00     3117.27       -3116.27
20160428 980521524436     000501     赎回到帐天添利                0.00    0.000      0.00      0.00     3117.27           1.00
20160429 0166956170     000501     配号第一创业(18883540)        5.00    0.000      0.00      0.00        0.00           1.00
20160503 A808998161     000501     证券买入金钼股份            300.00    7.790      5.00      0.05    -2342.05       -2341.05
20160503 0166956170     000501     证券卖出*ST钒钛             400.00    2.830      5.00      1.13     1125.87       -1215.18
20160503 0166956170     000501     证券买入长城信息            300.00   19.750      5.00      0.00    -5930.00       -7145.18
20160503 0166956170     000501     证券买入世联行              300.00    8.470      5.00      0.00    -2546.00       -9691.18
20160503 0166956170     000501     证券买入长城信息            300.00   19.650      5.00      0.00    -5900.00      -15591.18
20160503 980521524436     000501     保证金产品赎回天添利      15592.18    1.000      0.00      0.00    15592.18      -15591.18
20160503 980521524436     000501     赎回到帐天添利                0.00    0.000      0.00      0.00    15592.18           1.00
20160504 A808998161     000501     配号威龙配号(100000634110)      1.00    0.000      0.00      0.00        0.00           1.00
20160505 A808998161     000501     证券卖出*ST新集             900.00    5.060      5.00      4.64     4544.36        4545.36
20160505 A808998161     000501     配号百利配号(100008231972)      1.00    0.000      0.00      0.00        0.00        4545.36
20160505 A808998161     000501     股息入帐伊利股份              0.00    0.000      0.00      0.00       45.00        4590.36
20160505 980521524436     000501     保证金产品申购天添利       4544.36    1.000      0.00      0.00    -4544.36          46.00
20160506 A808998161     000501     配号四方配号(100000694095)      1.00    0.000      0.00      0.00        0.00          46.00
20160509 980521524436     000501     股息入帐天添利                0.00    0.000      0.00      0.00       36.45          82.45
20160511 A808998161     000501     证券买入金钼股份            400.00    7.170      5.00      0.06    -2873.06       -2790.61
20160511 0166956170     000501     证券买入长城信息            600.00   17.250      5.18      0.00   -10355.18      -13145.79
20160511 980521524436     000501     保证金产品赎回天添利      13146.79    1.000      0.00      0.00    13146.79      -13145.79
20160511 980521524436     000501     赎回到帐天添利                0.00    0.000      0.00      0.00    13146.79           1.00
20160513 A808998161     000501     证券卖出金钼股份            500.00    7.550      5.00      3.86     3766.14        3767.14
20160513 0166956170     000501     证券买入世联行              400.00    7.800      5.00      0.00    -3125.00         642.14
20160513 980521524436     000501     保证金产品申购天添利        641.14    1.000      0.00      0.00     -641.14           1.00
20160516 0166956170     000501     配号帝王洁具(26269887)        6.00    0.000      0.00      0.00        0.00           1.00
20160519 0166956170     000501     配号天顺股份(97386806)        7.00    0.000      0.00      0.00        0.00           1.00
20160523 A808998161     000501     配号三棵配号(100001865686)      1.00    0.000      0.00      0.00        0.00           1.00
20160524 A808998161     000501     证券卖出金钼股份            500.00    8.290      5.00      4.23     4135.77        4136.77
20160524 0166956170     000501     证券买入长城信息            500.00   16.600      5.00      0.00    -8305.00       -4168.23
20160524 0166956170     000501     证券卖出长城信息            500.00   16.980      5.00      8.49     8476.51        4308.28
20160524 980521524436     000501     保证金产品申购天添利       4307.28    1.000      0.00      0.00    -4307.28           1.00
20160525 A808998161     000501     配号核建配号(100057067056)      1.00    0.000      0.00      0.00        0.00           1.00
20160525 A808998161     000501     证券买入上海医药            100.00   18.200      5.00      0.04    -1825.04       -1824.04
20160525 0166956170     000501     证券买入世联行              500.00    7.330      5.00      0.00    -3670.00       -5494.04
20160525 0166956170     000501     证券买入歌尔声学            100.00   26.850      5.00      0.00    -2690.00       -8184.04
20160525 0166956170     000501     证券买入歌尔声学            100.00   26.700      5.00      0.00    -2675.00      -10859.04
20160525 980521524436     000501     保证金产品赎回天添利      10860.04    1.000      0.00      0.00    10860.04      -10859.04
20160525 980521524436     000501     赎回到帐天添利                0.00    0.000      0.00      0.00    10860.04           1.00
20160526 A808998161     000501     证券买入伊利股份            200.00   15.050      5.00      0.06    -3015.06       -3014.06
20160526 A808998161     000501     配号沪工配号(100038027699)      1.00    0.000      0.00      0.00        0.00       -3014.06
20160526 A808998161     000501     证券卖出伊利股份            100.00   15.020      5.00      1.53     1495.47       -1518.59
20160526 A808998161     000501     证券卖出上海医药            100.00   18.070      5.00      1.85     1800.15         281.56
20160526 0166956170     000501     证券卖出世联行              500.00    7.390      5.00      3.70     3686.30        3967.86
20160526 980521524436     000501     保证金产品申购天添利       3966.86    1.000      0.00      0.00    -3966.86           1.00
20160527 A808998161     000501     证券买入伊利股份            200.00   15.130      5.00      0.06    -3031.06       -3030.06
20160527 0166956170     000501     配号环球印务(49537866)        8.00    0.000      0.00      0.00        0.00       -3030.06
20160527 980521524436     000501     保证金产品赎回天添利       3031.06    1.000      0.00      0.00     3031.06       -3030.06
20160527 980521524436     000501     赎回到帐天添利                0.00    0.000      0.00      0.00     3031.06           1.00
20160531 A808998161     000501     配号小康配号(100004069770)      1.00    0.000      0.00      0.00        0.00           1.00
20160601 A808998161     000501     证券卖出伊利股份            300.00   15.330      5.00      4.69     4589.31        4590.31
20160601 A808998161     000501     证券买入三元股份            500.00    8.340      5.00      0.08    -4175.08         415.23
20160601 980521524436     000501     保证金产品申购天添利        414.23    1.000      0.00      0.00     -414.23           1.00
===================================================================================================================
page 4


深圳笋岗路证券营业部 客户对帐单
客户号:0119455248  姓名:刘志鹏   货币:人民币  日期:20160101-->20160630  牛卡级别::银卡
===================================================================================================================
发生日期  股东代码      银行代码   摘                   要       成交数 成交均价    手续费  印花税等    变动金额       资金余额
20160602 A808998161     000501     证券卖出三元股份            500.00    8.550      5.00      4.37     4265.63        4266.63
20160602 0166956170     000501     证券卖出世联行              500.00    7.660      5.00      3.83     3821.17        8087.80
20160602 0166956170     000501     证券卖出长城信息           1000.00   17.750      8.88     17.75    17723.37       25811.17
20160602 0166956170     000501     证券卖出歌尔声学            200.00   27.450      5.00      5.49     5479.51       31290.68
20160602 980521524436     000501     保证金产品申购天添利      31285.18    1.000      0.00      0.00   -31285.18           5.50
20160603 A808998161     000501     证券买入同仁堂              500.00   28.040      7.01      0.28   -14027.29      -14021.79
20160603 0166956170     000501     证券买入万马股份            500.00   19.630      5.00      0.00    -9820.00      -23841.79
20160603 A808998161     000501     红利差异税补扣伊利股份        0.00    0.000      0.00      0.00       -4.50      -23846.29
20160603 980521524436     000501     保证金产品赎回天添利      23847.29    1.000      0.00      0.00    23847.29      -23846.29
20160603 980521524436     000501     赎回到帐天添利                0.00    0.000      0.00      0.00    23847.29           1.00
20160606 A808998161     000501     证券买入同仁堂              200.00   27.710      5.00      0.11    -5547.11       -5546.11
20160606 980521524436     000501     保证金产品赎回天添利       5547.11    1.000      0.00      0.00     5547.11       -5546.11
20160606 980521524436     000501     赎回到帐天添利                0.00    0.000      0.00      0.00     5547.11           1.00
20160607 A808998161     000501     股息入帐鹿港科技              0.00    0.000      0.00      0.00       10.00          11.00
20160607 0166956170     000501     股息入帐航天发展              0.00    0.000      0.00      0.00       22.36          33.36
20160608 980521524436     000501     股息入帐天添利                0.00    0.000      0.00      0.00       14.51          47.87
20160608 A808998161     000501     红股入帐DR鹿港科            100.00    0.000      0.00      0.00        0.00          47.87
20160613 0166956170     000501     证券买入万马股份            300.00   18.370      5.00      0.00    -5516.00       -5468.13
20160613 980521524436     000501     保证金产品赎回天添利       5469.13    1.000      0.00      0.00     5469.13       -5468.13
20160613 980521524436     000501     赎回到帐天添利                0.00    0.000      0.00      0.00     5469.13           1.00
20160614 0166956170     000501     股息入帐歌尔声学              0.00    0.000      0.00      0.00       10.00          11.00
20160615 A808998161     000501     证券买入同仁堂              100.00   27.120      5.00      0.05    -2717.05       -2706.05
20160615 0166956170     000501     证券卖出万马股份            300.00   20.180      5.00      6.05     6042.95        3336.90
20160615 0166956170     000501     证券卖出金莱特              100.00   25.060      5.00      2.51     2498.49        5835.39
20160615 980521524436     000501     保证金产品申购天添利       5834.39    1.000      0.00      0.00    -5834.39           1.00
20160620                000501     批量利息归本                  0.00    0.000      0.00      0.00        0.01           1.01
20160620 0166956170     000501     配号洪汇新材(21856981)        9.00    0.000      0.00      0.00        0.00           1.01
20160621 A808998161     000501     证券卖出同仁堂              300.00   27.550      5.00      8.44     8251.56        8252.57
20160621 A808998161     000501     配号宏泰配号(100026390086)      1.00    0.000      0.00      0.00        0.00        8252.57
20160621 980521524436     000501     保证金产品申购天添利       8251.57    1.000      0.00      0.00    -8251.57           1.00
20160622 A808998161     000501     配号玲珑配号(100005444632)      1.00    0.000      0.00      0.00        0.00           1.00
20160623 0166956170     000501     证券买入阳普医疗            500.00   15.210      5.00      0.00    -7610.00       -7609.00
20160623 0166956170     000501     配号世名科技(15865176)        8.00    0.000      0.00      0.00        0.00       -7609.00
20160623 980521524436     000501     保证金产品赎回天添利       7610.00    1.000      0.00      0.00     7610.00       -7609.00
20160623 980521524436     000501     赎回到帐天添利                0.00    0.000      0.00      0.00     7610.00           1.00
20160624 0166956170     000501     证券卖出阳普医疗            500.00   15.400      5.00      7.70     7687.30        7688.30
20160624 980521524436     000501     保证金产品申购天添利       7687.30    1.000      0.00      0.00    -7687.30           1.00
20160627 0166956170     000501     证券买入长城信息            500.00   16.890      5.00      0.00    -8450.00       -8449.00
20160627 0166956170     000501     配号丰元股份(37083067)        8.00    0.000      0.00      0.00        0.00       -8449.00
20160627 0166956170     000501     股息入帐万马股份              0.00    0.000      0.00      0.00       50.00       -8399.00
20160627 980521524436     000501     保证金产品赎回天添利       8450.00    1.000      0.00      0.00     8450.00       -8399.00
20160627 980521524436     000501     赎回到帐天添利                0.00    0.000      0.00      0.00     8450.00          51.00
20160628 A808998161     000501     证券卖出同仁堂              500.00   30.040      7.51     15.32    14997.17       15048.17
20160628 0166956170     000501     证券卖出长城信息            500.00   18.430      5.00      9.22     9200.78       24248.95
20160628 0166956170     000501     股息入帐长城信息              0.00    0.000      0.00      0.00       25.00       24273.95
20160628 980521524436     000501     保证金产品申购天添利      24247.95    1.000      0.00      0.00   -24247.95          26.00
20160629 A808998161     000501     配号海汽配号(100017205374)      2.00    0.000      0.00      0.00        0.00          26.00
20160630 A808998161     000501     证券买入湘电股份            500.00   12.270      5.00      0.12    -6140.12       -6114.12
20160630 A808998161     000501     证券卖出伊利股份            100.00   16.650      5.00      1.70     1658.30       -4455.82
20160630 0166956170     000501     证券买入东方财富            500.00   22.250      5.56      0.00   -11130.56      -15586.38
20160630 0166956170     000501     配号吉宏股份(17733819)        8.00    0.000      0.00      0.00        0.00      -15586.38
20160630 980521524436     000501     保证金产品赎回天添利      15587.38    1.000      0.00      0.00    15587.38      -15586.38
20160630 980521524436     000501     赎回到帐天添利                0.00    0.000      0.00      0.00    15587.38           1.00


深圳笋岗路证券营业部 客户托管情况
客户号:0119455248  姓名:刘志鹏                 货币:人民币  日期:20160101-->20160630  牛卡级别::银卡
===================================================================================================================
股东代码   证券代码及名称        库存数     当日买入   买入价    当日卖出   卖出价      可用数量            市值  成本价
A808998161 600031-三一重工      1500.00        0.00    0.000        0.00    0.000       1500.00        12495.00   8.386
A808998161 600068-  葛洲坝      1000.00        0.00    0.000        0.00    0.000       1000.00         9160.00   9.330
A808998161 600095-  哈高科       500.00        0.00    0.000        0.00    0.000        500.00         2880.00  16.814
A808998161 600118-中国卫星       300.00        0.00    0.000        0.00    0.000        300.00         6504.00  23.344
A808998161 601599-鹿港文化       500.00        0.00    0.000        0.00    0.000        500.00         3145.00  25.230
A808998161 601918-新集能源      2000.00        0.00    0.000        0.00    0.000       2000.00         6960.00   9.438
A808998161 601988-中国银行      1000.00        0.00    0.000        0.00    0.000       1000.00         4170.00   4.245
0166956170 000547-航天发展       497.00        0.00    0.000        0.00    0.000        497.00         5382.51  15.382
0166956170 000776-广发证券       500.00        0.00    0.000        0.00    0.000        500.00         8390.00  16.830
0166956170 002241-歌尔股份      1000.00        0.00    0.000        0.00    0.000       1000.00        15410.00  13.527
0166956170 002546-新联电子      3000.00        0.00    0.000        0.00    0.000       3000.00        13800.00   7.152
0166956170 002566-益盛药业       500.00        0.00    0.000        0.00    0.000        500.00         4035.00  12.455
0166956170 300043-星辉娱乐       500.00        0.00    0.000        0.00    0.000        500.00         2895.00  19.266
0166956170 300058-蓝色光标       500.00        0.00    0.000        0.00    0.000        500.00         4095.00   8.110
0166956170 300079-数码科技      1000.00        0.00    0.000        0.00    0.000       1000.00         3820.00   6.618
===================================================================================================================
注意：股票库存数为昨日余额，当日买卖和市值仅供参考，具体数据以登记公司为准。
===================================================================================================================
资金余额:               1.00                            市值:          103141.51
可用资金:            2975.35               可用资金+市值合计:          106116.86
买入未交收金额:               0.00                  卖出未交收金额:               0.00
第5页