


深圳笋岗路证券营业部 客户对帐单
客户号:0119455248  姓名:刘志鹏   货币:人民币  日期:20150101-->20150630  牛卡级别::银卡
===================================================================================================================
发生日期  股东代码      银行代码   摘                   要       成交数 成交均价    手续费  印花税等    变动金额       资金余额
20150413                           银行帐户开户                  0.00    0.000      0.00      0.00        0.00           0.00
20150413                           证券帐户开户                  0.00    0.000      0.00      0.00        0.00           0.00
20150414                000501     银行转存                      0.00    0.000      0.00      0.00      100.00         100.00
20150414                000501     银行转存                      0.00    0.000      0.00      0.00      100.00         200.00
20150414                000501     银行转存                      0.00    0.000      0.00      0.00    49600.00       49800.00
20150415 A808998161                证券帐户开户                  0.00    0.000      0.00      0.00        0.00           0.00
20150415 0166956170                证券帐户开户                  0.00    0.000      0.00      0.00        0.00           0.00
20150416 A808998161     000501     指定交易登记指定              0.00    1.000      0.00      0.00        0.00       49800.00
20150416 A808998161     000501     证券买入工商银行            200.00    5.440      5.00      0.12    -1093.12       48706.88
20150416 A808998161     000501     证券买入南京医药            800.00   12.870     25.74      0.48   -10322.22       38384.66
20150417 A808998161     000501     证券卖出工商银行            200.00    5.720      5.00      1.26     1137.74       39522.40
20150417 A808998161     000501     证券买入中国重工           1000.00   13.040     32.60      0.60   -13073.20       26449.20
20150417 A808998161     000501     证券买入南京医药           1200.00   14.020     42.06      0.72   -16866.78        9582.42
20150417 A808998161     000501     证券买入重庆水务            800.00   11.690     23.38      0.48    -9375.86         206.56
20150422 A808998161     000501     证券卖出中国重工           1000.00   14.080     35.20     14.68    14030.12       14236.68
20150422 A808998161     000501     证券卖出南京医药           2000.00   13.550     67.75     28.30    27003.95       41240.63
20150422 0166956170     000501     证券买入京东方Ａ           2000.00    4.900     24.50      0.00    -9824.50       31416.13
20150422 0166956170     000501     证券买入浙富控股           1000.00   16.250     40.63      0.00   -16290.63       15125.50
20150422 0166956170     000501     证券买入京东方Ａ           2000.00    4.850     24.25      0.00    -9724.25        5401.25
20150424                000501     银行转存                      0.00    0.000      0.00      0.00    20000.00       25401.25
20150424 A808998161     000501     证券买入重庆水务            400.00   10.900     10.90      0.24    -4371.14       21030.11
20150424 0166956170     000501     证券买入浙富控股           1000.00   15.050     37.63      0.00   -15087.63        5942.48
20150428 A808998161     000501     证券卖出重庆水务           1200.00   11.550     34.65     14.58    13810.77       19753.25
20150428 0166956170     000501     证券买入京东方Ａ           4000.00    4.520     45.20      0.00   -18125.20        1628.05
20150504                000501     银行转存                      0.00    0.000      0.00      0.00    30000.00       31628.05
20150504 A808998161     000501     证券买入工商银行           2000.00    5.380      5.38      1.20   -10766.58       20861.47
20150504 0166956170     000501     证券卖出京东方Ａ           8000.00    4.730     18.92     37.84    37783.24       58644.71
20150504 980521524436     000501     保证金产品申购天添利      58643.71    1.000      0.00      0.00   -58643.71           1.00
20150505 A808998161     000501     证券买入国电电力           3000.00    7.360     11.04      1.80   -22092.84      -22091.84
20150505 A808998161     000501     证券买入国电电力           2000.00    7.020      7.02      1.20   -14048.22      -36140.06
20150505 0166956170     000501     新股申购永兴特钢           1000.00   21.740      0.00      0.00   -21740.00      -57880.06
20150505 980521524436     000501     保证金产品赎回天添利      57881.06    1.000      0.00      0.00    57881.06      -57880.06
20150505 980521524436     000501     赎回到帐天添利                0.00    0.000      0.00      0.00    57881.06           1.00
20150506 A808998161     000501     证券卖出国电电力           5000.00    6.680     16.70     36.40    33346.90       33347.90
20150506 A808998161     000501     证券买入哈药股份           2000.00   10.530     10.53      1.20   -21071.73       12276.17
20150506 A808998161     000501     证券买入工商银行           2000.00    5.110      5.11      1.20   -10226.31        2049.86
20150506 0166956170     000501     配号永兴特钢(593405)          2.00    0.000      0.00      0.00        0.00        2049.86
20150506 980521524436     000501     保证金产品申购天添利       2048.86    1.000      0.00      0.00    -2048.86           1.00
20150507 980521524436     000501     股息入帐天添利                0.00    0.000      0.00      0.00        2.25           3.25
20150507 0166956170     000501     申购返款永兴特钢           1000.00   21.740      0.00      0.00    21740.00       21743.25
20150508 980521524436     000501     保证金产品申购天添利      21742.25    1.000      0.00      0.00   -21742.25           1.00
20150511 A808998161     000501     证券买入工商银行           1000.00    5.080      5.00      0.60    -5085.60       -5084.60
20150511 A808998161     000501     证券买入工商银行           1000.00    5.070      5.00      0.60    -5075.60      -10160.20
20150511 A808998161     000501     证券买入锦江投资            500.00   21.400      5.35      0.30   -10705.65      -20865.85
20150511 A808998161     000501     证券卖出哈药股份           2000.00   10.550     10.55     22.30    21067.15         201.30
20150511 980521524436     000501     保证金产品申购天添利        200.30    1.000      0.00      0.00     -200.30           1.00
20150512 A808998161     000501     证券卖出锦江投资            500.00   23.820      5.96     12.21    11891.83       11892.83
20150512 0166956170     000501     证券买入盐 田 港           1000.00   11.150      5.58      0.00   -11155.58         737.25
20150512 0166956170     000501     证券买入二六三              500.00   18.800      5.00      0.00    -9405.00       -8667.75
20150512 980521524436     000501     保证金产品赎回天添利       8668.75    1.000      0.00      0.00     8668.75       -8667.75
20150512 980521524436     000501     赎回到帐天添利                0.00    0.000      0.00      0.00     8668.75           1.00
20150513 A808998161     000501     证券买入中国中铁            700.00   20.650      7.23      0.42   -14462.65      -14461.65
20150513 A808998161     000501     证券买入中国中铁            300.00   20.200      5.00      0.18    -6065.18      -20526.83
20150513 A808998161     000501     证券卖出工商银行           1000.00    5.150      5.00      5.75     5139.25      -15387.58
===================================================================================================================
page 1


深圳笋岗路证券营业部 客户对帐单
客户号:0119455248  姓名:刘志鹏   货币:人民币  日期:20150101-->20150630  牛卡级别::银卡
===================================================================================================================
发生日期  股东代码      银行代码   摘                   要       成交数 成交均价    手续费  印花税等    变动金额       资金余额
20150513 0166956170     000501     证券卖出二六三              500.00   20.500      5.13     10.25    10234.62       -5152.96
20150513 980521524436     000501     保证金产品赎回天添利       5153.96    1.000      0.00      0.00     5153.96       -5152.96
20150513 980521524436     000501     赎回到帐天添利                0.00    0.000      0.00      0.00     5153.96           1.00
20150514 A808998161     000501     证券买入中国中铁           1000.00   19.500      9.75      0.60   -19510.35      -19509.35
20150514 A808998161     000501     证券买入大唐发电           1000.00    7.800      5.00      0.60    -7805.60      -27314.95
20150514 0166956170     000501     证券卖出浙富控股           2000.00   16.000     16.00     32.00    31952.00        4637.05
20150514 0166956170     000501     证券买入盐 田 港           1000.00   11.050      5.53      0.00   -11055.53       -6418.48
20150514 980521524436     000501     保证金产品赎回天添利       6419.48    1.000      0.00      0.00     6419.48       -6418.48
20150514 980521524436     000501     赎回到帐天添利                0.00    0.000      0.00      0.00     6419.48           1.00
20150515 A808998161     000501     证券卖出中国中铁           2000.00   20.450     20.45     42.10    40837.45       40838.45
20150515 A808998161     000501     证券买入工商银行           5000.00    5.050     12.63      3.00   -25265.63       15572.82
20150515 980521524436     000501     保证金产品申购天添利      15571.82    1.000      0.00      0.00   -15571.82           1.00
20150519 A808998161     000501     新股申购申购款             1000.00    7.200      0.00      0.00    -7200.00       -7199.00
20150519 A808998161     000501     新股申购申购款             1000.00   11.180      0.00      0.00   -11180.00      -18379.00
20150519 980521524436     000501     保证金产品赎回天添利      18380.00    1.000      0.00      0.00    18380.00      -18379.00
20150519 980521524436     000501     赎回到帐天添利                0.00    0.000      0.00      0.00    18380.00           1.00
20150520 A808998161     000501     配号引力配号(14250147)        1.00    0.000      0.00      0.00        0.00           1.00
20150520 A808998161     000501     配号吉祥配号(14704551)        1.00    0.000      0.00      0.00        0.00           1.00
20150521 A808998161     000501     申购返款申购款             1000.00    7.200      0.00      0.00     7200.00        7201.00
20150521 A808998161     000501     申购返款申购款             1000.00   11.180      0.00      0.00    11180.00       18381.00
20150522 A808998161     000501     证券买入武钢股份           1000.00    6.140      5.00      0.60    -6145.60       12235.40
20150522 A808998161     000501     证券买入上海医药            200.00   29.400      5.00      0.12    -5885.12        6350.28
20150522 A808998161     000501     证券卖出大唐发电           1000.00    7.920      5.00      8.52     7906.48       14256.76
20150522 A808998161     000501     证券卖出工商银行          10000.00    5.330     26.65     59.30    53214.05       67470.81
20150522 0166956170     000501     证券卖出盐 田 港           2000.00   11.680     11.68     23.36    23324.96       90795.77
20150522 980521524436     000501     保证金产品申购天添利      90794.77    1.000      0.00      0.00   -90794.77           1.00
20150525 A808998161     000501     证券买入上海医药            300.00   30.990      5.00      0.18    -9302.18       -9301.18
20150525 0166956170     000501     证券买入洽洽食品            500.00   32.100      8.03      0.00   -16058.03      -25359.21
20150525 980521524436     000501     保证金产品赎回天添利      25360.21    1.000      0.00      0.00    25360.21      -25359.21
20150525 980521524436     000501     赎回到帐天添利                0.00    0.000      0.00      0.00    25360.21           1.00
20150526                000501     保证金产品快速取款            0.00    0.000      0.00      0.00    55000.00       55001.00
20150526                000501     银行转取                      0.00    0.000      0.00      0.00   -55000.00           1.00
20150526 A808998161     000501     证券卖出上海医药            500.00   31.050      7.76     15.82    15501.42       15502.42
20150526 A808998161     000501     证券卖出武钢股份           1000.00    6.450      5.00      7.05     6437.95       21940.37
20150526 0166956170     000501     证券卖出洽洽食品            500.00   33.500      8.38     16.75    16724.87       38665.24
20150526 980521524436     000501     保证金份额转让划出天添利  55000.00    1.000      0.00      0.00        0.00       38665.24
20150526 980521524436     000501     保证金产品申购天添利      38664.24    1.000      0.00      0.00   -38664.24           1.00
20150527 A808998161     000501     证券买入大秦铁路           1000.00   13.650      6.83      0.60   -13657.43      -13656.43
20150527 980521524436     000501     保证金产品赎回天添利      20107.43    1.000      0.00      0.00    20107.43      -13656.43
20150527 980521524436     000501     赎回到帐天添利                0.00    0.000      0.00      0.00    20107.43        6451.00
20150528                000501     银行转存                      0.00    0.000      0.00      0.00    50000.00       56451.00
20150528 A808998161     000501     证券买入上海医药            500.00   29.520      7.38      0.30   -14767.68       41683.32
20150528 A808998161     000501     证券买入上海医药            500.00   29.150      7.29      0.30   -14582.59       27100.73
20150528 A808998161     000501     证券买入上海医药           1000.00   28.400     14.20      0.60   -28414.80       -1314.07
20150528 A808998161     000501     证券买入大秦铁路           1000.00   12.850      6.43      0.60   -12857.03      -14171.10
20150528 980521524436     000501     保证金产品赎回天添利      14172.10    1.000      0.00      0.00    14172.10      -14171.10
20150528 980521524436     000501     赎回到帐天添利                0.00    0.000      0.00      0.00    14172.10           1.00
20150602 A808998161     000501     新股申购申购款             4000.00    3.390      0.00      0.00   -13560.00      -13559.00
20150602 980521524436     000501     保证金产品赎回天添利      13560.00    1.000      0.00      0.00    13560.00      -13559.00
20150602 980521524436     000501     赎回到帐天添利                0.00    0.000      0.00      0.00    13560.00           1.00
20150603 A808998161     000501     配号中核配号(209577341)       4.00    0.000      0.00      0.00        0.00           1.00
20150604 A808998161     000501     证券卖出大秦铁路           2000.00   12.950     12.95     27.10    25859.95       25860.95
20150604 A808998161     000501     申购返款申购款             4000.00    3.390      0.00      0.00    13560.00       39420.95
20150604 A808998161     000501     申购中签中核申购           1000.00    3.390      0.00      0.00    -3390.00       36030.95
===================================================================================================================
page 2


深圳笋岗路证券营业部 客户对帐单
客户号:0119455248  姓名:刘志鹏   货币:人民币  日期:20150101-->20150630  牛卡级别::银卡
===================================================================================================================
发生日期  股东代码      银行代码   摘                   要       成交数 成交均价    手续费  印花税等    变动金额       资金余额
20150604 980521524436     000501     保证金产品申购天添利      25859.95    1.000      0.00      0.00   -25859.95       10171.00
20150605 980521524436     000501     保证金产品申购天添利      10170.00    1.000      0.00      0.00   -10170.00           1.00
20150608                000501     保证金产品快速取款            0.00    0.000      0.00      0.00    30000.00       30001.00
20150608                000501     银行转取                      0.00    0.000      0.00      0.00   -30000.00           1.00
20150608 A808998161     000501     证券买入康美药业            100.00   43.850      5.00      0.06    -4390.06       -4389.06
20150608 980521524436     000501     保证金份额转让划出天添利  30000.00    1.000      0.00      0.00        0.00       -4389.06
20150608 980521524436     000501     保证金产品赎回天添利       4390.06    1.000      0.00      0.00     4390.06       -4389.06
20150608 980521524436     000501     赎回到帐天添利                0.00    0.000      0.00      0.00     4390.06           1.00
20150609 A808998161     000501     证券买入伊利股份            200.00   21.380      5.00      0.12    -4281.12       -4280.12
20150609 980521524436     000501     股息入帐天添利                0.00    0.000      0.00      0.00       18.12       -4262.00
20150609 A808998161     000501     新股入帐601985             1000.00    0.000      0.00      0.00        0.00       -4262.00
20150609 980521524436     000501     保证金产品赎回天添利       4281.12    1.000      0.00      0.00     4281.12       -4262.00
20150609 980521524436     000501     赎回到帐天添利                0.00    0.000      0.00      0.00     4281.12          19.12
20150610 A808998161     000501     证券卖出康美药业            100.00   49.360      5.00      5.00     4926.00        4945.12
20150610 A808998161     000501     证券买入中信证券            100.00   32.690      5.00      0.06    -3274.06        1671.06
20150610 980521524436     000501     保证金产品申购天添利       1670.06    1.000      0.00      0.00    -1670.06           1.00
20150611 A808998161     000501     证券卖出中信证券            100.00   32.040      5.00      3.26     3195.74        3196.74
20150611 980521524436     000501     保证金产品申购天添利       3195.74    1.000      0.00      0.00    -3195.74           1.00
20150612 A808998161     000501     证券卖出上海医药            500.00   29.550      7.39     15.08    14752.53       14753.53
20150612 A808998161     000501     证券买入伊利股份            300.00   21.200      5.00      0.18    -6365.18        8388.35
20150612 980521524436     000501     保证金产品申购天添利       8387.35    1.000      0.00      0.00    -8387.35           1.00
20150615                000501     银行转存                      0.00    0.000      0.00      0.00    30000.00       30001.00
20150615 A808998161     000501     证券买入伊利股份            500.00   20.800      5.20      0.30   -10405.50       19595.50
20150615 A808998161     000501     证券买入伊利股份           1000.00   20.300     10.15      0.60   -20310.75        -715.25
20150615 980521524436     000501     保证金产品赎回天添利        716.25    1.000      0.00      0.00      716.25        -715.25
20150615 980521524436     000501     赎回到帐天添利                0.00    0.000      0.00      0.00      716.25           1.00
20150616 A808998161     000501     证券买入中信证券            400.00   31.200      6.24      0.24   -12486.48      -12485.48
20150616 980521524436     000501     保证金产品赎回天添利      12486.48    1.000      0.00      0.00    12486.48      -12485.48
20150616 980521524436     000501     赎回到帐天添利                0.00    0.000      0.00      0.00    12486.48           1.00
20150618 A808998161     000501     股息入帐上海医药              0.00    0.000      0.00      0.00      413.25         414.25
20150619                000501     批量利息归本                  0.00    0.000      0.00      0.00        2.33         416.58
20150619 980521524436     000501     保证金产品申购天添利        413.25    1.000      0.00      0.00     -413.25           3.33
20150623 980521524436     000501     保证金产品申购天添利          2.33    1.000      0.00      0.00       -2.33           1.00
20150626 A808998161     000501     证券卖出中国核电           1000.00   13.820      6.91     14.42    13798.67       13799.67
20150626 980521524436     000501     保证金产品申购天添利      13798.67    1.000      0.00      0.00   -13798.67           1.00
20150629 A808998161     000501     证券买入上海医药            600.00   23.000      6.90      0.36   -13807.26      -13806.26
20150629 980521524436     000501     保证金产品赎回天添利      13807.26    1.000      0.00      0.00    13807.26      -13806.26
20150629 980521524436     000501     赎回到帐天添利                0.00    0.000      0.00      0.00    13807.26           1.00
20150630                000501     银行转存                      0.00    0.000      0.00      0.00    20000.00       20001.00
20150630 980521524436     000501     保证金产品申购天添利      20000.00    1.000      0.00      0.00   -20000.00           1.00


深圳笋岗路证券营业部 客户托管情况
客户号:0119455248  姓名:刘志鹏                 货币:人民币  日期:20150101-->20150630  牛卡级别::银卡
===================================================================================================================
股东代码   证券代码及名称        库存数     当日买入   买入价    当日卖出   卖出价      可用数量            市值  成本价
A808998161 600031-三一重工      1500.00        0.00    0.000        0.00    0.000       1500.00        12495.00   8.386
A808998161 600068-  葛洲坝      1000.00        0.00    0.000        0.00    0.000       1000.00         9160.00   9.330
A808998161 600095-  哈高科       500.00        0.00    0.000        0.00    0.000        500.00         2880.00  16.814
A808998161 600118-中国卫星       300.00        0.00    0.000        0.00    0.000        300.00         6504.00  23.344
A808998161 601599-鹿港文化       500.00        0.00    0.000        0.00    0.000        500.00         3145.00  25.230
A808998161 601918-新集能源      2000.00        0.00    0.000        0.00    0.000       2000.00         6960.00   9.438
A808998161 601988-中国银行      1000.00        0.00    0.000        0.00    0.000       1000.00         4170.00   4.245
0166956170 000547-航天发展       497.00        0.00    0.000        0.00    0.000        497.00         5382.51  15.382
0166956170 000776-广发证券       500.00        0.00    0.000        0.00    0.000        500.00         8390.00  16.830
0166956170 002241-歌尔股份      1000.00        0.00    0.000        0.00    0.000       1000.00        15410.00  13.527
===================================================================================================================
page 3


深圳笋岗路证券营业部 客户托管情况
客户号:0119455248  姓名:刘志鹏                 货币:人民币  日期:20150101-->20150630  牛卡级别::银卡
===================================================================================================================
股东代码   证券代码及名称        库存数     当日买入   买入价    当日卖出   卖出价      可用数量            市值  成本价
0166956170 002546-新联电子      3000.00        0.00    0.000        0.00    0.000       3000.00        13800.00   7.152
0166956170 002566-益盛药业       500.00        0.00    0.000        0.00    0.000        500.00         4035.00  12.455
0166956170 300043-星辉娱乐       500.00        0.00    0.000        0.00    0.000        500.00         2895.00  19.266
0166956170 300058-蓝色光标       500.00        0.00    0.000        0.00    0.000        500.00         4095.00   8.110
0166956170 300079-数码科技      1000.00        0.00    0.000        0.00    0.000       1000.00         3820.00   6.618
===================================================================================================================
注意：股票库存数为昨日余额，当日买卖和市值仅供参考，具体数据以登记公司为准。
===================================================================================================================
资金余额:               1.00                            市值:          103141.51
可用资金:            2975.35               可用资金+市值合计:          106116.86
买入未交收金额:               0.00                  卖出未交收金额:               0.00
第4页